contig	length	mean.cov	median.cov	gc	uniq.kmer
Utg634806	39026300	54.38956561	54	39.95	0.980954454
Utg634722	32965446	55.65682692	55	42.09	0.983228708
Utg634692	23722762	52.70449866	54	39.49	0.980900547
Utg634672	22296604	56.43663918	55	41.42	0.980590473
Utg634646	22253562	54.0858762	54	38.89	0.981084337
Utg634766	21829225	53.31662828	55	40.59	0.982461704
Utg634774	21195092	54.82642925	55	40.66	0.984009445
Utg634826	21194740	55.03748638	55	44.97	0.987994829
Utg634696	20544937	55.80865747	55	41.9	0.983261998
Utg634994	18277966	56.50648208	56	46.69	0.985767842
Utg634896	17843741	56.49137827	56	45.44	0.987575825
Utg634842	17672335	54.42090658	54	41.77	0.987452539
Utg634662	17527135	54.97788648	54	39.58	0.979218496
Utg634642	17271236	55.73450645	55	42.67	0.987045588
Utg634668	17256258	62.87211561	56	47.44	0.982964068
Utg634566	17046619	54.74140895	54	42.04	0.983434356
Utg635112	16848821	53.68710407	53	38.35	0.981153989
Utg634732	16248375	55.76601626	55	48.66	0.983109494
Utg634816	16232544	55.26457485	55	38.42	0.985931396
Utg634724	16050936	53.25892804	53	37.13	0.981953075
Utg634614	15790052	54.40832557	54	40.08	0.983002284
Utg635136	15774172	56.42115356	56	49.08	0.988317315
Utg634558	15459157	56.90266308	57	47.03	0.983928217
Utg634534	15209197	56.01444049	56	42.33	0.983725522
Utg634542	15100729	54.92299254	55	40.98	0.982658586
Utg635306	14807412	55.09307853	55	40.27	0.985925757
Utg635060	14672999	53.51685978	53	39.77	0.983945054
Utg634624	14601993	53.42768649	53	37.45	0.982429184
Utg634710	14438406	55.38878042	55	45.71	0.984776933
Utg634526	14364035	55.73646018	55	50.24	0.98739887
Utg634590	13936439	53.43137557	53	41.17	0.985800776
Utg635120	13886388	54.92830819	55	39.82	0.981619968
Utg634524	13809189	55.68212542	55	42.37	0.988442259
Utg635048	13671307	54.55798195	54	40.31	0.984687902
Utg634580	13639612	53.75575852	54	39.19	0.985707181
Utg634620	13251339	52.80875464	52	37.96	0.980670534
Utg634690	13077613	54.80421087	55	39.61	0.98245241
Utg634598	13054090	52.76439514	52	37.03	0.981519309
Utg634622	12990837	54.63685122	54	39.87	0.981677436
Utg634538	12888135	59.08099809	52	42.84	0.981893894
Utg634782	12597430	56.16649927	56	50.75	0.989016263
Utg634796	12498831	63.19318095	56	41.93	0.981553225
Utg634632	12315476	53.9807097	54	41	0.986476237
Utg634570	12254658	56.72772594	55	41.03	0.980191178
Utg635150	12093881	55.68879594	55	42.43	0.984723375
Utg635088	11977784	53.39244962	53	39.52	0.985931644
Utg634768	11894687	52.99438732	53	37.52	0.981994701
Utg634778	11856720	54.80566222	54	42.21	0.982526259
Utg634596	11684138	53.90795331	54	38.83	0.982233407
Utg635202	11469410	55.91934569	56	45.38	0.985319666
Utg634824	11452813	56.33862599	56	45.17	0.986258304
Utg634916	11014572	54.28191501	54	39.07	0.982882993
Utg635074	10985544	56.90042575	57	43.72	0.982885215
Utg634746	10976123	53.85544516	53	37.69	0.981583026
Utg635036	10942311	57.85311492	57	49.43	0.988036112
Utg634740	10736493	53.39019716	53	38.34	0.98055572
Utg634584	10575693	56.75087743	56	46.09	0.983650599
Utg634960	10402053	52.32426913	52	40.67	0.97987599
Utg635020	10301315	55.28282946	55	43.26	0.98523328
Utg635440	10176196	56.62512756	56	42.7	0.980769896
Utg635314	10171395	55.89933781	56	43.71	0.987249725
Utg634862	10014508	55.00327637	55	42.55	0.983638542
Utg635068	9914663	56.09882381	56	44.93	0.985587352
Utg634934	9892198	52.77560378	52	38.32	0.982897607
Utg634636	9875268	54.32671855	54	39.74	0.980849329
Utg634520	9854501	49.78574209	50	35.2	0.982442726
Utg635046	9694491	54.97604921	55	41.34	0.977042289
Utg634874	9669340	54.64873371	54	43.5	0.986322011
Utg634750	9657727	53.1408316	53	38.33	0.982645623
Utg634574	9549097	55.44645241	55	42.47	0.986061443
Utg635198	9534452	57.72569339	57	46.19	0.98747144
Utg635196	9507374	53.7117916	53	45.76	0.985412681
Utg634666	9434171	55.59711197	55	39.77	0.983314433
Utg634844	9378186	55.15301485	55	38.82	0.981598172
Utg635262	9301872	55.58981867	55	42.3	0.985958852
Utg635026	9272212	53.32887288	53	38.45	0.980745171
Utg635040	9226561	55.51391813	54	40.03	0.981094941
Utg634588	9126149	53.37133756	53	41.77	0.984329195
Utg635218	9053340	55.0445768	55	39.28	0.982483146
Utg635016	9035047	55.8645112	56	40.61	0.985534749
Utg634852	8852938	61.91961224	55	42.9	0.981651703
Utg634808	8593646	53.44215378	53	37.39	0.980078452
Utg634918	8518131	56.62909162	56	42.71	0.983679969
Utg635244	8300781	55.17880187	55	42.43	0.983129111
Utg634670	8248692	52.489132	52	37.48	0.984455174
Utg635144	8223668	53.23783941	53	37.9	0.983977231
Utg635350	8133810	57.65052036	56	41.44	0.985789664
Utg634528	8109052	56.80657929	56	40.29	0.984333009
Utg634978	8074030	55.73838215	55	46.18	0.984064789
Utg634962	8023252	53.42180067	53	37.2	0.984815168
Utg634626	7963650	71.84363615	53	37.49	0.978730113
Utg635028	7932169	62.85721164	57	47.65	0.985745909
Utg634822	7915984	59.24525302	57	44.68	0.978259831
Utg634984	7913234	54.59537364	54	40.64	0.983952659
Utg634610	7872859	27.54041885	27	41.62	0.979597355
Utg634728	7842124	53.29011063	53	37.74	0.978961769
Utg635726	7807442	53.43912673	53	48.85	0.988626793
Utg634912	7608842	52.56403964	53	44.06	0.978931009
Utg634976	7539768	54.66621743	54	42.49	0.988161847
Utg634914	7515441	53.81800966	53	37.35	0.983371106
Utg634678	7457150	54.3460076	54	38.26	0.982621121
Utg634784	7444800	56.79210348	57	43.45	0.983636261
Utg634572	7425688	56.33564911	56	45.47	0.985351014
Utg634552	7341270	55.02126002	55	43.04	0.982582729
Utg635360	7222978	58.34065898	56	51.23	0.988302863
Utg634594	7127528	55.73660685	56	42.79	0.982688073
Utg635272	7010664	54.1133543	54	39.67	0.982980626
Utg634694	6985099	56.72449805	56	44.02	0.97905351
Utg635158	6845537	56.44812454	56	43.03	0.983841752
Utg634564	6790492	27.36494021	27	40	0.978148299
Utg635080	6745351	54.82625985	54	38.57	0.983211499
Utg635058	6713494	54.94567164	55	42.31	0.985171744
Utg634938	6682062	57.31132412	57	44.74	0.985331006
Utg634924	6677429	57.2508596	54	39.54	0.982829364
Utg634576	6642003	55.79732909	56	42.83	0.984315614
Utg635076	6610962	55.38333936	55	43.43	0.98463902
Utg634738	6586680	53.83038678	54	38.26	0.982860955
Utg635392	6568691	59.49161668	58	47.99	0.98695067
Utg634634	6566413	81.73564425	53	39.58	0.979368198
Utg634792	6541447	56.98843994	57	44.59	0.983781428
Utg634734	6497979	58.28908587	55	40.47	0.982845125
Utg634866	6487292	52.38495413	52	39.67	0.979424108
Utg634908	6276710	55.11436	55	39.43	0.977998502
Utg635164	6169216	54.35036355	54	41.95	0.979448134
Utg634674	5987108	54.08613006	54	39.4	0.98073495
Utg635168	5983431	55.6048674	55	43.97	0.982467537
Utg634846	5948135	52.35862957	52	36.98	0.982937431
Utg635098	5930972	55.1024772	55	40.6	0.98283465
Utg634810	5813106	52.00987805	52	36.24	0.983915147
Utg635294	5812903	52.44875087	52	38.16	0.984070672
Utg635012	5791985	53.90427548	54	43.73	0.987905356
Utg634586	5757184	54.00762284	54	41.13	0.984863337
Utg634968	5742470	51.68774274	51	36.47	0.983026458
Utg634602	5666977	57.46888786	57	42.55	0.98338172
Utg634652	5653980	54.73926574	54	39.89	0.983862989
Utg634770	5631925	52.7896735	53	37.94	0.985711947
Utg635508	5629582	52.07246377	52	37.14	0.981264832
Utg634556	5627521	54.08122022	54	38.56	0.981008367
Utg635268	5558694	56.44209113	54	41.04	0.975936115
Utg634814	5471385	54.15135392	54	41.53	0.98087583
Utg635558	5470001	66.6346929	55	40.91	0.985365627
Utg634708	5399879	56.65584502	56	42.44	0.979259189
Utg634604	5397574	71.06770627	55	39.95	0.980596464
Utg634988	5397265	57.02090485	57	47.15	0.986793794
Utg634798	5364127	53.61662787	53	39.23	0.982014796
Utg634764	5305969	56.35021542	56	39.72	0.981314338
Utg635014	5297891	49.91457354	50	35.7	0.975971982
Utg635134	5283650	49.67711978	50	35.75	0.982692023
Utg634772	5279846	54.14436083	54	40.22	0.980913576
Utg634532	5273291	53.69265598	53	44.48	0.986758563
Utg634704	5263473	54.89812805	55	43.34	0.983358845
Utg634836	5258890	61.60302577	54	39.05	0.974264352
Utg634878	5203013	49.83349454	50	35.73	0.976459515
Utg635334	5183456	52.08740679	52	38.4	0.973617165
Utg635206	5112564	54.11322937	54	40.76	0.975386774
Utg635304	5050398	54.32747171	55	45.89	0.97839686
Utg635050	5045551	26.02990189	26	36.62	0.972616008
Utg634876	5034881	56.30698337	56	44.13	0.986059218
Utg634700	4989332	55.6714671	56	45.2	0.984440562
Utg634752	4977083	56.30399391	55	40.65	0.981041842
Utg635106	4928679	52.35353874	52	37.79	0.98302499
Utg635212	4857182	54.33559037	54	42.69	0.981436147
Utg634578	4827333	28.11014193	28	41.44	0.973487998
Utg635650	4696473	54.18368273	54	40.62	0.980304754
Utg634544	4691552	54.25303788	54	38.24	0.979074471
Utg634972	4611149	52.97014073	53	41.16	0.979174753
Utg635190	4564194	53.47268495	53	41.9	0.981262628
Utg634910	4560792	54.53210239	53	37.64	0.984267816
Utg634922	4519839	52.65458165	52	40.1	0.983445547
Utg634536	4466005	57.09832172	57	46.63	0.987562947
Utg634644	4464862	59.04244202	51	36.13	0.975252998
Utg634554	4461223	58.8793663	52	36.93	0.980320601
Utg635032	4439529	53.94332821	53	46.43	0.989771231
Utg635004	4438793	59.68034766	58	46.71	0.982152601
Utg634948	4417149	50.25002717	50	34.45	0.985480888
Utg635122	4400916	51.55966743	51	38.66	0.984962413
Utg634654	4395105	54.84803279	53	38.29	0.983066858
Utg635384	4392079	54.81071873	55	39.78	0.983912524
Utg634930	4375732	56.21107645	56	47.18	0.987585356
Utg634560	4355285	26.62456102	26	37.85	0.976485181
Utg635398	4350055	55.30182157	54	43.25	0.979706158
Utg635450	4331387	51.14674902	51	36.04	0.979511955
Utg635224	4289048	55.33275232	55	52.06	0.987426369
Utg634892	4285171	53.60649779	52	38.01	0.977792275
Utg634986	4280647	51.72438359	51	36.19	0.981895048
Utg635086	4273900	54.63395137	55	41.18	0.977257748
Utg634744	4222159	52.81419435	53	38.4	0.983680971
Utg635320	4207478	59.67508189	53	40.33	0.980840481
Utg635172	4187104	52.99059829	53	37.79	0.973314731
Utg634780	4185664	57.33132084	57	48.88	0.979377687
Utg634858	4173849	73.37162395	57	44.54	0.979562076
Utg634616	4166415	28.01526718	27	40.56	0.981004919
Utg635340	4155576	53.22585301	53	41.13	0.982187579
Utg634758	4147205	52.41434931	52	37.83	0.980601131
Utg635242	4140072	53.04838991	53	38.31	0.979873666
Utg635590	4127596	53.65517638	54	38.75	0.97771739
Utg634964	4121239	55.3513451	55	39.09	0.984054322
Utg634906	4100837	51.83683816	51	37.37	0.972093108
Utg634838	4044167	43.70559726	46	39.96	0.979772563
Utg634640	4023097	54.56189052	54	37.68	0.982645707
Utg635038	4007807	51.66041604	51	36.78	0.977783574
Utg635744	3974816	57.95007099	58	51.07	0.984639505
Utg634996	3922805	55.25162584	55	41.74	0.975574504
Utg636114	3890652	54.50868441	54	51.45	0.989088261
Utg634702	3878089	55.94296812	55	40.66	0.978171025
Utg634612	3858855	54.27554388	54	46.79	0.984919961
Utg635494	3836089	51.43609069	51	47.78	0.989393175
Utg635342	3812277	57.48209948	55	43.92	0.980099723
Utg634748	3792259	52.77582664	53	36.67	0.985998658
Utg635210	3780387	56.79420598	56	45.9	0.978820123
Utg635208	3752895	51.47427461	51	37.08	0.980651113
Utg635162	3749987	51.87763979	51	35.68	0.981376246
Utg635684	3702003	59.75625935	56	45.11	0.981104526
Utg634720	3675951	49.70250967	49	34.79	0.981569015
Utg635222	3675942	52.64051912	52	46.26	0.987792543
Utg634854	3663986	53.44977795	53	39.05	0.982477831
Utg634970	3646478	26.57257646	25	36.89	0.9769967
Utg634980	3641677	53.02156369	53	38.46	0.980815696
Utg634550	3613176	52.77734375	53	37.94	0.984131618
Utg635200	3610209	50.65056008	51	36.76	0.97930399
Utg635182	3605742	57.03701247	55	40.84	0.980759033
Utg635044	3596439	54.58212625	54	52.18	0.983622948
Utg635424	3581419	92.46439546	53	45.57	0.975791179
Utg635142	3560853	51.45350172	51	36.65	0.981239419
Utg634920	3487853	52.82818494	52	38.15	0.983753486
Utg635834	3465144	55.06817718	55	41.7	0.985962061
Utg634522	3459074	61.16889043	54	44.53	0.975018204
Utg634848	3404884	57.28166076	54	41.63	0.981064637
Utg636000	3388698	54.47687983	54	41.7	0.982418211
Utg635138	3249431	55.79317015	56	40.45	0.984051972
Utg634870	3228627	28.60279887	27	40.03	0.971774461
Utg635130	3117374	27.92596279	27	42.32	0.97038764
Utg635580	3093887	26.42076882	26	40.87	0.978117643
Utg635054	3092384	54.11147086	54	38.51	0.978834846
Utg635412	3042422	53.64971269	53	38.24	0.977001775
Utg635456	3040752	57.49113864	55	39.97	0.972120339
Utg635470	3022316	53.19415103	53	43.33	0.989335002
Utg635872	3020942	55.67382613	55	45.65	0.981548921
Utg635238	3018995	56.66891946	56	41.89	0.979437823
Utg634530	2985146	56.48538059	56	47.37	0.982574957
Utg634540	2972401	50.88475506	51	36.55	0.980352027
Utg635570	2956301	85.14939952	53	38.34	0.972956191
Utg634684	2943665	52.729864	52	37.69	0.979848494
Utg634936	2931129	52.45329376	52	38.11	0.970987237
Utg635260	2912789	52.6325194	53	37.43	0.98027033
Utg634548	2873791	53.41241814	52	38.49	0.979915782
Utg635286	2840011	51.21384394	51	36.57	0.975125757
Utg634786	2835128	50.7881335	51	35.84	0.983580952
Utg636096	2817849	53.48194006	54	44.55	0.986320366
Utg635070	2788317	49.3161796	49	34.65	0.982368421
Utg635258	2744293	52.37390322	52	41.46	0.974929162
Utg634648	2733940	54.68541301	54	39.67	0.972656461
Utg635302	2700664	51.81339924	52	37.6	0.980518662
Utg635880	2691867	434.8448944	58	57.02	0.980729795
Utg635110	2690788	52.59209585	52	35.96	0.985126338
Utg634954	2681693	27.94086879	26	38.75	0.972748558
Utg635116	2676539	55.41326712	55	40.37	0.984409347
Utg635178	2675421	55.22918169	55	41.41	0.986777848
Utg634894	2671991	57.61045321	57	48.18	0.98797886
Utg634716	2645606	54.86254296	53	39.87	0.98047188
Utg635096	2642586	50.43676497	50	35.36	0.98258804
Utg635390	2624519	49.88245707	50	34.8	0.981605289
Utg634868	2622222	49.32561771	49	35.82	0.977772362
Utg635220	2611146	55.59072268	55	38.58	0.978933267
Utg635466	2597526	54.73753639	54	43.07	0.982944334
Utg634676	2567484	27.63238431	27	42.1	0.979735416
Utg635128	2552284	59.86827703	55	42.97	0.985753863
Utg634756	2545075	58.56663801	54	40.19	0.977218626
Utg635534	2540476	56.10546691	55	47.16	0.955235996
Utg634832	2531495	52.55138585	52	37.65	0.980158476
Utg634546	2525606	52.79452055	52	38.42	0.975947938
Utg635576	2498204	51.02017594	51	36.94	0.971199156
Utg634606	2492389	54.2376247	54	39.54	0.977775236
Utg634686	2488918	27.11669659	27	38.29	0.975613882
Utg635192	2427250	53.07606589	53	42.25	0.983755331
Utg634902	2394393	26.51120988	26	38.14	0.973938193
Utg634990	2388157	53.64705882	53	42.55	0.982148374
Utg635104	2369352	52.2905569	52	39.21	0.979336612
Utg634904	2366764	55.55382436	55	38.84	0.980242928
Utg635982	2362601	58.0029991	56	43.14	0.981179706
Utg635436	2339738	28.43728779	28	42.88	0.975895804
Utg634802	2336071	49.23262469	49	36.17	0.96591267
Utg635356	2297274	56.02225705	55	53.45	0.990103428
Utg635246	2296671	52.44169321	52	36.84	0.98129245
Utg635362	2286506	52.84982611	52	40.19	0.982237517
Utg636488	2284867	56.71192893	56	44.67	0.987402336
Utg635234	2277915	54.81065274	53	42.59	0.975935367
Utg635332	2256262	57.36334068	55	45.65	0.978041057
Utg634882	2255483	48.92333938	49	35.1	0.978924432
Utg635666	2243196	49.07846252	49	34.95	0.981942486
Utg635406	2223427	53.13890703	53	43.29	0.978360731
Utg635524	2219684	53.78106635	54	38.42	0.980898621
Utg634850	2203554	59.61549175	54	38.61	0.976659529
Utg635560	2195796	58.65925046	58	53.7	0.989858823
Utg635920	2179019	53.60006598	53	38.03	0.980322158
Utg635692	2171563	78.69708423	54	48.55	0.982240858
Utg635152	2169483	51.14313897	51	36.62	0.972559484
Utg635316	2138513	54.64569389	55	43.19	0.969057568
Utg635906	2115785	52.79716604	53	39.74	0.982175748
Utg635584	2110733	58.08390585	58	46.03	0.98557108
Utg635520	2091819	54.5201553	55	38.71	0.978528015
Utg634820	2090820	57.64174991	54	46.05	0.973177731
Utg634840	2081426	32.70266005	25	35.42	0.96793325
Utg634940	2067380	48.16595696	48	35.28	0.971788017
Utg634730	2065875	28.57186788	28	41.54	0.977773175
Utg635656	2047347	52.52040816	52	35.93	0.981862327
Utg635504	2033994	54.54648314	54	41.14	0.978767348
Utg634932	2006417	52.42843801	52	38.32	0.981441045
Utg635600	1985556	53.02099609	53	40.87	0.984040655
Utg635760	1966635	57.15806806	57	49.17	0.980654206
Utg635030	1954592	65.86538919	55	41.73	0.976324742
Utg634856	1948553	48.10176827	48	35.02	0.978686904
Utg634562	1930974	53.63897059	53	38.55	0.975769404
Utg635640	1929116	53.16281602	53	38.75	0.982588002
Utg634998	1905010	28.05767056	28	39.07	0.973038723
Utg635632	1897450	54.0680466	54	45.63	0.986243201
Utg635312	1890051	83.91840898	54	47.71	0.978775165
Utg635442	1868276	48.46152863	48	34.74	0.981281292
Utg634706	1829313	53.17591758	53	40.91	0.977715585
Utg635702	1782793	51.64993307	52	38.31	0.980093091
Utg635710	1781874	49.90132371	49	35.07	0.980298688
Utg634714	1752598	53.6941925	53	40.5	0.977700081
Utg634950	1748865	53.03348367	54	36.47	0.98303224
Utg635844	1732925	27.76926328	27	41.63	0.958213098
Utg634698	1731726	49.20719484	49	34.4	0.977026021
Utg635232	1719386	52.71984216	54	47.58	0.992080569
Utg634754	1695993	55.20988872	56	40.05	0.980768112
Utg635426	1660499	60.89048295	61	49.94	0.991096192
Utg635292	1659022	25.17922227	25	37.75	0.961237629
Utg635830	1654020	51.99132043	52	36.94	0.974130504
Utg635550	1641318	55.83644725	56	43.16	0.971365074
Utg635476	1639126	61.45095796	56	39.49	0.981431039
Utg634958	1632710	58.14748784	57	46.17	0.985037582
Utg635034	1591393	52.38067151	52	38.33	0.983005772
Utg635148	1571196	27.0640468	26	38.05	0.96132176
Utg634742	1570236	28.02144936	28	41.93	0.972208254
Utg634804	1564233	53.3001973	54	51.89	0.985550719
Utg635498	1560847	50.05853293	50	36.82	0.965168916
Utg635824	1557911	58.07367625	58	50.97	0.984658346
Utg634890	1556397	48.73014625	48	34.85	0.979517748
Utg634712	1533455	57.31808798	54	40.32	0.978421056
Utg635516	1522884	54.27089246	54	41.17	0.979342471
Utg635734	1513001	57.67821317	57	50.16	0.984675291
Utg635878	1489659	55.59865686	55	46.85	0.986942368
Utg634974	1488207	53.1038858	52	44.7	0.978758661
Utg635102	1471321	53.35488672	54	38.17	0.974895333
Utg635230	1445098	49.67885788	50	35.08	0.981597456
Utg635228	1410707	54.81704641	55	46.56	0.986357475
Utg635176	1407690	27.49229988	26	37.19	0.980258287
Utg635468	1391381	55.40565874	55	43.17	0.974642284
Utg635170	1389308	52.53062985	52	38.63	0.970100888
Utg636384	1379697	52.1971708	53	38.99	0.98120091
Utg635574	1359677	50.162191	49	34.25	0.984796178
Utg635474	1349127	27.31439593	27	44.59	0.969866022
Utg635264	1336674	54.22039774	54	38.49	0.973636649
Utg635602	1332257	53.22311779	53	39.2	0.986561747
Utg635610	1328415	55.18341709	53	52.83	0.982618936
Utg635186	1324976	52.93129215	53	47.84	0.992594306
Utg635188	1319544	27.82974628	28	42.11	0.977293256
Utg635382	1315293	50.03156749	50	37.27	0.979152409
Utg635992	1312985	47.75328415	48	34.94	0.981872095
Utg635094	1296146	55.07906296	55	43.62	0.98239282
Utg634944	1290694	25.10171612	24	38.24	0.974605738
Utg635278	1277487	47.35263645	47	36.51	0.963080928
Utg635124	1264348	50.32068705	50	39.31	0.973491774
Utg636788	1256784	54.86267741	55	37.27	0.977722117
Utg634608	1254664	53.30667673	53	40.86	0.980796826
Utg635746	1249025	62.31360492	53	37.59	0.969572495
Utg636012	1243864	57.54998107	58	41.95	0.988218979
Utg635496	1222490	59.7101936	57	42.17	0.977489236
Utg635374	1214449	26.5232375	26	38.76	0.967420054
Utg635430	1202541	52.69969454	52	35.37	0.982797146
Utg635180	1202460	681.7367579	54	38.31	0.975027985
Utg635708	1177558	52.80275779	53	41.1	0.97924106
Utg635298	1174120	45.80818667	46	34.12	0.981135718
Utg635462	1150588	51.6100889	52	35.73	0.984791873
Utg634992	1147562	24.74812344	24	36.4	0.964468336
Utg634788	1117798	53.61054459	54	37.78	0.97799159
Utg634638	1117771	23.83510865	24	36.12	0.965942947
Utg635042	1104195	26.56562086	24	36.31	0.962598141
Utg635408	1100124	47.64095402	47	34.34	0.978107104
Utg635460	1096832	28.72254212	28	41.65	0.971056313
Utg634956	1080066	50.72958501	51	41.63	0.968981012
Utg636026	1067423	26.27559405	26	38.15	0.980861683
Utg634790	1065750	84.37394021	56	45.85	0.975481069
Utg635506	1059979	54.41169929	52	46.96	0.992059519
Utg636200	1059181	60.72916667	53	41.68	0.963959983
Utg635706	1050688	54.08232662	54	39.52	0.98691026
Utg635024	1047601	46.54473988	47	34.66	0.97045854
Utg635688	1032792	62.3033964	54	37.59	0.980884958
Utg635216	1030353	23.87669035	24	35.91	0.96388619
Utg634600	1015685	100.4123932	59	43.53	0.988077865
Utg634664	998876	27.66058131	27	39.55	0.954374622
Utg634582	970520	49.85548705	50	34.47	0.982686797
Utg635454	947767	114.997967	52	40.08	0.957635451
Utg635344	941760	52.19255907	52	37.08	0.970246425
Utg635696	935583	81.82558432	52	37.27	0.964413078
Utg634942	930869	49.62869632	50	34.93	0.969548746
Utg636582	917464	58.83523612	50	34.38	0.980997784
Utg635540	914307	51.1645438	49	36.19	0.960692211
Utg636306	913339	82.77146631	55	45.93	0.986360227
Utg635056	912101	27.76789474	28	40.28	0.979549633
Utg635690	908518	53.91193991	54	39.33	0.983915637
Utg635620	902963	56.25958779	28	38.36	0.967593774
Utg636234	897359	89.3529724	62	50.51	0.966191401
Utg635654	870628	53.79505693	54	39.47	0.981457201
Utg635526	849888	54.42554945	54	42.57	0.974642652
Utg635270	848837	49.953053	50	35.81	0.980734666
Utg635386	828671	25.52846463	26	37.15	0.968004646
Utg636380	826320	53.31240833	53	42.64	0.98473744
Utg635926	823584	49.3411029	50	35.48	0.98228487
Utg635596	823349	59.27110343	59	43.03	0.981856129
Utg635006	823188	25.42967853	25	36.98	0.963358291
Utg635662	821893	28.91806117	29	39.97	0.980173083
Utg635916	819391	56.28221906	57	42.32	0.982932072
Utg635776	812439	52.30724638	53	37.79	0.982481101
Utg634794	812422	52.28216019	52	36.13	0.981885727
Utg636038	810746	24.12141603	23	37.87	0.952538273
Utg635846	807261	218.0926858	52	41.01	0.945463543
Utg635756	795702	49.7274665	50	41.17	0.979646751
Utg634860	788499	57.40426199	57	46.84	0.990654351
Utg635250	787188	47.27406297	48	34.91	0.967285441
Utg635018	768491	27.40317559	27	40.98	0.970555027
Utg635146	761988	24.34375977	25	35.9	0.969926203
Utg635680	747000	57.08820709	57	44.09	0.98502622
Utg635554	732488	30.97905253	27	39.27	0.955259605
Utg636538	718508	49.94086554	50	37.07	0.98460212
Utg635634	715027	26.64481757	26	36.7	0.960085257
Utg635960	698260	22.4931694	22	35.33	0.966731783
Utg635938	697844	52.33220109	57	39.98	0.983099353
Utg636532	697062	47.42940973	47	35.71	0.979856167
Utg635486	694508	53.94403237	55	46.22	0.986887762
Utg635140	690074	57.67270862	50	39.13	0.927862654
Utg636812	688956	51.0930386	51	38.78	0.97094609
Utg634656	686680	52.84540728	53	36.61	0.984336221
Utg635002	678434	27.09823944	27	40.5	0.963532007
Utg635484	668234	53.96242775	54	39.3	0.985009148
Utg635962	666091	51.38399413	51	38.76	0.985233637
Utg635758	661616	51.57558348	52	41.25	0.981390377
Utg635646	649098	53.05387454	54	44.23	0.965632719
Utg636322	644580	53.71497227	54	47.91	0.98046338
Utg636016	643180	47.1311537	48	35	0.972355527
Utg636052	634393	29.27513431	29	46.99	0.979981617
Utg635730	634040	24.36504425	24	36.87	0.968377804
Utg635066	631265	26.16450876	25	37.46	0.960215715
Utg635812	631139	55.13426266	54	42.16	0.985678798
Utg635598	630700	24.83048875	24	39.17	0.962591773
Utg635328	627400	53.29365701	53	37.42	0.991436362
Utg635622	623866	367.7612403	364.5	44.16	0.487311783
Utg635816	622975	173.5848694	142	44.07	0.408564776
Utg635658	616821	53.95126706	47	35.68	0.973662496
Utg634660	611979	58.93611324	59	43.41	0.97706798
Utg636058	608747	258.9561578	214	44.26	0.452580968
Utg636870	608358	50.27315358	52	39.39	0.966874641
Utg635790	596625	25.50802568	25	37.32	0.976822399
Utg635638	594496	56.12749004	56	38.91	0.987229246
Utg634736	568261	143.9678783	52	43.52	0.953259068
Utg635896	564358	25.69197769	26	36.86	0.982117573
Utg635956	563386	51.81637931	52	35.8	0.981974889
Utg635762	562973	54.98044218	55	43.13	0.973816427
Utg635062	554702	50.31410545	51	37.75	0.972345808
Utg635664	551182	26.19856358	26	38.92	0.94892642
Utg635528	545096	25.9546841	25	37.97	0.963319636
Utg635612	530765	48.45442419	49	36.8	0.960875269
Utg635836	524357	264.9381818	214	44.15	0.332921677
Utg635290	523392	55.25264611	55	39.79	0.988051521
Utg635898	521949	52.78262933	52	37.59	0.979946069
Utg635862	518863	233.6764302	214	44.13	0.200126892
Utg636126	518703	55.66959335	57	43.06	0.979578713
Utg635732	516651	28.70050761	28	55.29	0.990000376
Utg635064	497342	54.9	58	47.77	0.975494411
Utg635284	493967	936.3374778	158	44.99	0.750528432
Utg635548	493880	46.06797066	47	37.25	0.92814859
Utg635592	492652	60.4137931	61	47.92	0.989797186
Utg635492	491987	59.43212891	57.5	40.77	0.977721673
Utg636066	491203	55.39969605	56	49.88	0.995811131
Utg636278	490201	182.4837728	141	44.05	0.648754387
Utg636460	489863	131.6428217	104	44.12	0.761567934
Utg635108	489394	47.63898558	48	33.94	0.969471341
Utg634682	489130	57.77975309	57	52.63	0.991867907
Utg635482	487308	54.83686545	56	42.69	0.977325622
Utg635414	484855	97.42397509	77	44.22	0.507338184
Utg635114	483920	27.83466135	27	39.16	0.982065264
Utg635370	482783	48.6	49	34.79	0.985953297
Utg635674	480319	50.28663686	51	36.3	0.990937616
Utg635682	477796	29.3349778	30	53.56	0.990126078
Utg635546	477640	23.05769231	23	35.89	0.957904731
Utg636160	467909	278.343617	236	44.22	0.329594272
Utg635988	467455	246.8724936	154	47.62	0.515224335
Utg634762	456883	24.34470094	24	38.08	0.947401479
Utg635100	449729	25.98404255	24	38.34	0.944015326
Utg636142	440619	50.16336634	51	39.35	0.963426124
Utg635648	439594	26.26421224	27	41.14	0.95163138
Utg637054	430785	173.0714286	128.5	44.13	0.328915092
Utg635802	430690	200.1655592	177	44.2	0.290908257
Utg635380	429524	49.15672058	50	34.84	0.989486789
Utg636314	426855	164.2308552	140	44.2	0.525676901
Utg635000	425253	51.48192121	51	35.96	0.98870468
Utg634900	418743	189.7722255	79	47.88	0.680268317
Utg634718	414162	78.60943718	52	46.3	0.970637431
Utg637008	408290	194.3094118	160	45.96	0.341181627
Utg635288	408187	74.5656682	54	38.9	0.959382741
Utg634952	407742	259.7556415	113	44.44	0.336201509
Utg636014	405536	54.15614035	55	39.73	0.983260068
Utg637044	404177	313.5269878	259	44.01	0.672996568
Utg634776	395729	44.4166165	44	34.74	0.971782075
Utg634830	388159	148.7465839	127	44.34	0.422265586
Utg636154	386741	379.3988799	268	44.11	0.335375586
Utg635672	383640	22.78549665	23	36.86	0.957447232
Utg635500	383379	1092.677116	57	45.46	0.938602364
Utg636108	381542	332.7740586	204	44.97	0.346649177
Utg636834	373519	126.3452769	107	44.13	0.245715476
Utg636990	370342	328.7090793	295	44.17	0.514446061
Utg636056	364935	99.1959322	76	44.14	0.367099347
Utg635010	363292	26.14312618	26	39.92	0.951535193
Utg635568	361246	50.21272494	50	35.79	0.98373781
Utg634760	360057	28.93561104	27	38.97	0.959016565
Utg635794	359636	47.85051546	47	37.27	0.990981155
Utg637430	359146	189.1606557	173	44.02	0.546427616
Utg635428	359145	48.7464503	50	41.03	0.984780396
Utg636714	358516	250.4602164	221	44.18	0.348719091
Utg635514	354298	56.34703196	55	40.9	0.929411475
Utg636102	354084	267.1818796	270	45.44	0.729915854
Utg635326	348705	51.91684285	53	40.3	0.984725429
Utg635418	345505	51.70164168	52	42.48	0.988193137
Utg635966	344785	29.55795536	29	43.1	0.987563273
Utg635678	344589	130.7824176	120	44.28	0.412412512
Utg635892	341730	287.2932227	193	44.15	0.49369354
Utg635354	340834	98.69883641	89	37.36	0.9824107
Utg636634	336761	187.1150307	142	44.23	0.370555631
Utg636164	336019	2729.477115	149	48.23	0.961131182
Utg635478	335917	23.83097595	23	36.52	0.956394892
Utg636684	335027	196.688905	175	45.03	0.641233531
Utg635652	334463	68.45661765	71	36.11	0.986198343
Utg634650	334248	48.12117086	27	41.08	0.905061887
Utg636092	333273	548.2188427	517	44.28	0.390917918
Utg637006	332204	480.8171346	382	44.08	0.283749533
Utg638034	329725	543.867182	195	44.82	0.321449792
Utg637410	328853	415.3191648	229	44.21	0.347782636
Utg635626	328159	38.69523151	30	39.73	0.939698591
Utg635518	327328	48.94514455	50	36.42	0.985520894
Utg636790	326079	204.7548807	162	44.14	0.31781909
Utg634628	325171	101.9921875	61	44.25	0.744750543
Utg636798	321331	1366.475983	240	44.19	0.341392868
Utg635132	312786	24.48934491	25	40.27	0.946383371
Utg635852	312271	376.2884468	212	41.18	0.967559405
Utg636214	312260	162.6323185	147	44.27	0.550006419
Utg635718	306964	132.0070755	119	44.02	0.650996509
Utg635870	305670	79.19904077	53	49.61	0.848363459
Utg637866	305029	215.2087912	209	44.06	0.347602004
Utg635768	302870	24.45249597	25	38.86	0.964285468
Utg638804	301817	384.8406725	138	44.12	0.372858184
Utg635092	300441	70.32991318	62	40.7	0.987920323
Utg635854	299719	338.8423529	254	44.05	0.626552707
Utg635464	299698	28.82841615	29	42.89	0.98302811
Utg635452	297691	46.46073718	49	37.48	0.984090152
Utg636406	296360	170.2107926	146	44.13	0.472590319
Utg636266	293998	33.03742038	25	43.11	0.94464099
Utg637496	292850	55.96059113	52	35.14	0.995162117
Utg637120	291079	326.021978	267	44.15	0.361260359
Utg636264	289102	48.25117005	48	35.92	0.973474993
Utg634726	285951	26.0806846	27	38.7	0.918711401
Utg636244	283360	49.28782609	49	35.91	0.987252461
Utg636206	282625	173.1187447	125	44.2	0.425417137
Utg635628	279040	362.0327586	343	44.82	0.498027793
Utg637402	274405	205.9497758	119	40.39	0.964796621
Utg636572	274345	255.7441652	236	44.2	0.224065777
Utg636952	273303	74.18734388	27	38.97	0.977718501
Utg637282	272916	200.2081448	155	44.09	0.340725406
Utg635214	272280	37.88780053	43	34.12	0.978128963
Utg635770	272074	47.13107241	48	34.63	0.980990212
Utg634880	271282	207.0710526	159	44.51	0.568802988
Utg635366	261367	45.75622776	47	35.39	0.973140651
Utg637364	258093	112.636612	81.5	44.34	0.739050704
Utg635090	258071	26.6996337	26	39.36	0.959711629
Utg636598	255740	65.91152074	61	34.98	0.982713372
Utg636560	255655	285.6859903	291	44.18	0.253741287
Utg634592	255236	29.41516588	26	38.54	0.992185149
Utg636336	254386	23.0427907	24	37.15	0.953070676
Utg635774	252195	187.1941176	156	44.24	0.345033576
Utg637444	249991	92.83317073	93	44.2	0.297988939
Utg636196	248709	123.0476644	124	44.12	0.797512163
Utg637558	247969	1173.618349	242	49.26	0.519710826
Utg636118	247805	167.0614679	122	44.12	0.296723421
Utg635882	245682	53.96285435	55	38.84	0.973055907
Utg637274	244574	212.6883385	209	44.17	0.284549056
Utg635578	243661	55.10636183	57	44.46	0.987519757
Utg638148	243169	244.6712871	205	44.25	0.350147493
Utg636484	242167	88.95546951	81	44.06	0.538843458
Utg635240	241748	117.8129103	68	44.15	0.816621613
Utg636612	241400	256.5174897	191	44.13	0.387773295
Utg636144	240217	217.0227704	197.5	44.18	0.498324526
Utg635644	239937	21.79828735	22	35.56	0.975003345
Utg636022	239525	297.2972973	129	63.12	0.886017364
Utg635254	238743	23.85643071	23	37.67	0.978469891
Utg635226	238333	24.80788177	24	35.82	0.973663124
Utg637192	237937	293.8990918	220	45.66	0.894253044
Utg635330	237582	294.6612091	77	45.92	0.867464688
Utg636988	234830	201.810582	182	45.37	0.595854633
Utg637366	233569	106.9275794	77	44.07	0.372646184
Utg638298	232537	121.4008439	93	44.1	0.347351525
Utg637182	232280	217.8644241	162	44.15	0.524242424
Utg635850	232027	23.59008097	24	36.92	0.961250431
Utg635998	231197	109.3899896	92	44.11	0.755536028
Utg635008	231070	53.41938883	51	36.98	0.960316731
Utg635964	230137	30.41017316	26	38.72	0.899379952
Utg636082	226261	22.10718114	23	35.53	0.976198312
Utg636642	224812	126.895966	105	44.23	0.348977596
Utg635994	223825	198.0941423	187.5	44.11	0.429654192
Utg635876	223297	131.9802289	90	44.93	0.918240586
Utg636442	223148	138.8079162	113	44.06	0.73429829
Utg637336	223110	68.30116649	61	41.28	0.925987036
Utg636300	222195	26.2771855	26	39.72	0.990207244
Utg636184	221873	182.886873	142	41.67	0.939815127
Utg636346	221818	500.7251037	127	44.34	0.309750088
Utg636310	221593	236.7382979	136.5	44.25	0.284742937
Utg637074	220649	99.86051502	76.5	45.26	0.95202475
Utg638202	219506	261.0716612	248	44.17	0.379027854
Utg637036	217648	350.7779043	342	43.98	0.429204976
Utg637582	217077	278.956427	186.5	44.23	0.281035796
Utg635372	216860	49.62527473	51	38.05	0.983911871
Utg635346	216744	28.52043011	28	59.13	0.989723005
Utg636404	216184	1578.760674	238.5	40.47	0.880789969
Utg636448	214758	266.4832757	261	44.15	0.16886695
Utg636600	214053	50.70635838	52	38.77	0.97190639
Utg635826	213194	167.3673938	150	44.1	0.202807054
Utg636540	212178	55.16573971	49	36.88	0.981751702
Utg635670	210892	260.2997788	248.5	44.14	0.35327324
Utg635296	210389	70.55156951	52	38.28	0.994591562
Utg635908	208720	196.0789793	158	44.21	0.396457153
Utg637346	208625	178.4907834	130.5	44.14	0.228050922
Utg636372	208055	56.36757991	48	34.26	0.994052264
Utg636678	206615	211.9126794	195	44.25	0.263250786
Utg637484	206476	204.6496599	194	44.11	0.243597951
Utg636750	206291	221.8020833	122	47.83	0.527040533
Utg635608	204188	231.213859	206	44.92	0.400986829
Utg635918	204041	212.0762911	150	44.28	0.767465407
Utg637804	204017	151.6329255	84	46.73	0.947693461
Utg636202	201128	25.51466993	25	39.24	0.971171937
Utg636960	201070	964.0816568	179	45.7	0.309628009
Utg637116	200281	179.5370986	104	44.19	0.698289884
Utg635194	200250	25.36829837	26	37.93	0.983694625
Utg637636	199471	139.8343789	130	44.24	0.482299569
Utg636470	199169	26.00252845	27	40.41	0.988403816
Utg636194	198634	134.614098	99	44.14	0.255012882
Utg636350	198189	148.2606452	121	44.07	0.502312561
Utg637500	196288	55.43329098	27	37.71	0.949861129
Utg637986	196110	176.6408364	160	44	0.634247191
Utg636802	195774	205.4361446	144.5	44.23	0.432366113
Utg636732	195159	214.6978155	116.5	53.66	0.748266818
Utg637494	194932	202.5675676	206	44.08	0.657970523
Utg637846	194414	127.9420804	98	44.19	0.559945238
Utg637320	192881	91.3177458	82.5	44.14	0.206789234
Utg637348	191986	556.0532468	230.5	49.38	0.535964536
Utg635742	191971	81.01509434	73	44.14	0.244574468
Utg636500	191957	22.83113772	22	38.81	0.966367689
Utg637328	191408	247.9907895	176	44.12	0.224110778
Utg637334	191066	112.0901857	125.5	44.07	0.730488067
Utg637554	191040	86.68985849	59	42.63	0.924076049
Utg637150	190533	215.2669127	236	44.12	0.448499554
Utg636486	190329	56.04980341	54	41.97	0.979620719
Utg635752	190077	48.40126582	47	35.01	0.975246499
Utg636430	190004	137.4974874	139	44.07	0.777368758
Utg636008	189969	160.5096852	149	44.06	0.328745368
Utg635318	189968	24.94895592	25	38.91	0.953322209
Utg636512	189445	198.2546917	128	44.2	0.550205275
Utg635798	188506	114.7453333	98.5	44.22	0.138052635
Utg636906	187599	90.223733	93	44.09	0.56352547
Utg636984	185739	227.6186541	201	44.17	0.242128975
Utg637314	185475	191.4966443	151	44.11	0.781628513
Utg637180	185132	296.0984204	272	44.21	0.277441875
Utg636730	184943	241.6899225	198	44.09	0.313929314
Utg637566	183940	190.5275591	156	44.18	0.235879702
Utg636324	183529	146.0712329	54.5	41.63	0.851745789
Utg636112	181681	225.0055556	168.5	46.48	0.212220535
Utg635778	181396	49.9393531	52	39.31	0.973306403
Utg636694	181214	27.9303548	29	39.49	0.981802235
Utg637528	180898	274.4687882	217	44.02	0.44659229
Utg636048	179796	21.42817294	21	36.93	0.944522874
Utg635324	179214	23.71972789	23	38.79	0.959167863
Utg637830	178151	207.9320905	209	40.74	0.996618169
Utg637234	177771	193.3869132	171	44.87	0.663278183
Utg637264	177517	111.8049113	99	44.09	0.772074641
Utg637832	175878	246.2813793	254	44.09	0.42532691
Utg636682	175628	34.51464435	34	44.05	0.99572334
Utg638372	175273	283.2683246	231.5	44.22	0.267715675
Utg638458	175176	506.9589552	428	44.65	0.286024578
Utg636928	173923	291.1964736	119	42.67	0.826983511
Utg637422	173198	157.1635135	147	44.17	0.238614536
Utg636976	173094	176.2483745	160	44.22	0.795793951
Utg636240	170326	358.3705234	204	44.01	0.469505178
Utg636672	170196	90.14516129	60	44.08	0.39028682
Utg636758	170164	130.9402985	79	41.6	0.942505715
Utg637326	169696	274.5710345	265	43.89	0.753740915
Utg635604	169614	48.26638773	51	40.89	0.96352832
Utg635538	169065	49.67728532	49	38.83	0.969444548
Utg637828	168825	223.5194986	139	44.36	0.402717642
Utg635378	168717	28.16426513	28	38.69	0.990367823
Utg636328	168046	49.37047757	52	35.59	0.991519094
Utg637022	164156	194.9719626	191	44.02	0.765451754
Utg636028	163880	43.82191781	46	40.68	0.978956621
Utg638590	163734	227.3619456	231	44.17	0.355151515
Utg635728	162796	25.86865672	26	38.21	0.966958676
Utg637286	162679	139.6165414	88	44	0.495627842
Utg636942	162408	39.8035982	40	40.42	0.96005667
Utg636020	161245	66.4556962	57	38.61	0.979266622
Utg635566	161182	123.6540698	93	44.11	0.246726396
Utg636106	160895	19.6251944	20	38.95	0.970095935
Utg635472	159251	142.5955766	97	44.17	0.884295961
Utg636068	159162	47.16468843	48	37.02	0.979684831
Utg636490	158837	24.26386807	25	38.97	0.988674451
Utg637622	158445	199.2101227	178	44.17	0.816853592
Utg637404	158424	21.27827381	22	37.16	0.959429384
Utg636932	157762	48.42706767	51	37.63	0.985634658
Utg638104	157716	281.677761	212	44.18	0.407163459
Utg635402	157464	27.43620178	27	37.85	0.960048718
Utg637936	156796	161.8734568	139	44.11	0.44754042
Utg638220	156264	32.14528594	30	38.78	0.976235804
Utg636686	156109	51.33792049	51	38.99	0.976762921
Utg636580	154880	24.49920761	25	36.6	0.977970623
Utg638200	154867	85.72222222	56.5	51.49	0.805991041
Utg638356	154626	125.8435583	105	46.03	0.905883774
Utg635276	153877	85.42	77.5	44.19	0.303067112
Utg637446	153567	98.25443787	91	44.13	0.352698764
Utg637330	152189	386.8742038	152.5	53.78	0.746818124
Utg636192	151607	175.8223881	146.5	44.04	0.283351312
Utg637508	151208	514.5816165	464	44.07	0.729034663
Utg636458	151031	24.1107739	25	38.3	0.957277177
Utg637350	150783	217.7245614	198	45.1	0.309024658
Utg636692	150283	78.84060403	45	44.02	0.756970185
Utg636704	150010	43.98184569	47	35.94	0.97726681
Utg636958	149761	100.5368249	94	44.08	0.456551964
Utg638206	149713	144.8748044	137	44.27	0.347230399
Utg636720	149407	22.59345794	23	36.07	0.948347777
Utg635432	149094	29.81619938	30	48.33	0.994171654
Utg635936	148021	205.3046875	143	44.11	0.416155788
Utg638046	146887	191.8588435	185.5	44.22	0.75006475
Utg637012	146560	165.9641694	155	43.96	0.797055171
Utg638178	145375	335.4924623	326	44.6	0.468317677
Utg637520	145287	139.5926544	79	44.16	0.831529508
Utg636250	143759	117.0575139	116	46.15	0.359291766
Utg637118	143346	59.19715808	55	45.61	0.992079613
Utg637664	143039	1163.315884	112.5	51.39	0.729908387
Utg638232	141787	141.5721311	120.5	44.16	0.401281171
Utg637258	141780	71.61769912	71	44.07	0.819714585
Utg636822	141766	306.4172535	317.5	44.21	0.184867532
Utg636476	140075	25.98135593	26	39.14	0.990436125
Utg636180	140038	25.61717352	25	39.05	0.976662296
Utg636646	139329	229.2927242	199	44.12	0.39732585
Utg635126	138294	71.61790393	63.5	44.5	0.770545239
Utg637684	138081	205.5341959	197	44.31	0.593490083
Utg635420	137600	24.63869863	25	39.93	0.975299037
Utg637066	137229	145.6134868	112	44.06	0.448636533
Utg636362	136586	313.0276243	292	44.01	0.741374614
Utg636420	136022	141.2394881	131	44.13	0.776275652
Utg634618	135395	41.95405405	22	44.14	0.856502242
Utg637584	134651	185.5741088	163	44.07	0.774004611
Utg635564	133867	276.9177102	191	44.25	0.198689011
Utg636542	133341	210.25878	197	44.13	0.416042099
Utg637752	133240	1783.083179	338	50.9	0.616980137
Utg636276	132568	92.29453263	55	40.86	0.992666956
Utg635282	131542	65.98565574	57	44.29	0.757219251
Utg638124	131155	188.6117021	198	44.14	0.793083607
Utg636246	130669	91.27827648	71	44.04	0.162327095
Utg637728	129680	290.3426443	228	44.61	0.592707176
Utg636494	129351	141.2094456	124	46.84	0.385041551
Utg635502	127937	25.98301887	26	37.01	0.95781572
Utg637226	127468	180.8956835	174	44.33	0.354483353
Utg637900	126921	972.9330922	354	44.26	0.764632052
Utg637144	126655	159.8927875	137	44.14	0.125341973
Utg638286	125951	202.9075145	163	44.32	0.206951552
Utg637238	123837	93.27889908	93	44.05	0.623230844
Utg636722	123723	105.6628352	93	44.08	0.454261752
Utg636796	122985	380.3382046	321	44.34	0.380118787
Utg635700	122933	91.73861386	69	44.18	0.162142035
Utg637570	121691	220.4944853	185.5	44.09	0.812692462
Utg636258	121589	605.6266667	705	44.23	0.316253044
Utg636792	121570	88.08566108	97	49.29	0.986328141
Utg636390	121569	217.2716298	188	44.03	0.444002274
Utg637408	121276	95.68958743	95	44.16	0.637639553
Utg636474	121204	237.7104723	240	44.22	0.761832061
Utg636298	121025	41.38641189	45	40.89	0.934958308
Utg636666	121010	1798.755382	1476	44.28	0.485606313
Utg635940	120854	251.3987854	190	44.18	0.210841098
Utg635932	120408	305.7129456	233	44.17	0.247244722
Utg638064	120237	375.1090909	88	44.33	0.18616145
Utg636652	119920	236.4869215	150	49.81	0.484390735
Utg637078	118796	22.74586777	23	40.85	0.933675145
Utg636136	118711	33.52888889	25	37.66	0.982959186
Utg636034	117973	51.61630219	51	39.48	0.9797487
Utg638902	115096	139.3553719	127	44.09	0.299677135
Utg638578	112620	167.3306452	174.5	44.3	0.73725096
Utg636968	112399	64.71100917	63.5	44.02	0.467391304
Utg636914	111776	52.54427646	50	39.8	0.986382793
Utg635388	111130	94.12173913	90.5	44.2	0.867444228
Utg636360	111014	425.2622601	128	48.57	0.456651408
Utg636280	110957	23.27708333	22	38.88	0.952157417
Utg635416	109233	121.3530612	87	44.16	0.354150758
Utg636752	109046	112.1069042	102	44.04	0.426919721
Utg637792	108779	79.02227171	55	40.06	0.981091094
Utg636282	107391	45.12314225	48	45.74	0.892863499
Utg637864	105750	149.9812207	134.5	35.57	0.995596767
Utg638238	105485	116.4153499	116	44.06	0.403833866
Utg636888	105351	218.7602906	215	44.14	0.332792866
Utg638682	105198	153.372093	141	45.57	0.541596355
Utg637616	105024	47.90432802	49	37.04	0.986942066
Utg636908	104331	189.5	170.5	47.49	0.711772467
Utg635084	103465	124.6859122	54	47.02	0.92836072
Utg636760	103395	44.74285714	53	36.79	0.990043328
Utg636042	102963	124.8762136	124	44.36	0.110358326
Utg636036	102577	43.08602151	45	38.07	0.985357519
Utg636864	102406	21.49757282	22	36.88	0.960524414
Utg636452	101883	63.59459459	58	43.97	0.27660152
Utg637726	101010	149.6555556	89	44.12	0.424397526
Utg637398	100628	139.5364078	155.5	44.2	0.415007736
Utg635788	100557	116.8926014	114	44.35	0.225733182
Utg637786	100069	21.94964029	23	34.44	0.993343538
Utg636080	99108	108.678392	101	43.99	0.472762357
Utg636526	98999	259.7669903	171	44.01	0.55290007
Utg637218	98804	24.08510638	23	40.34	0.991946103
Utg637222	97410	39.36432161	44.5	41.78	0.995344228
Utg636562	97132	79.09176471	72	45.86	0.684446254
Utg634884	96660	78.28534031	60.5	44.09	0.434337349
Utg636994	96572	203.3622449	165.5	43.31	0.900716019
Utg637138	96306	55.63170732	47	43.71	0.692267081
Utg637194	95639	103.0904523	81	44.15	0.465788949
Utg635738	95226	22.68913043	24	38.4	0.982868163
Utg634834	95036	619.9307876	62	47.67	0.921443919
Utg638678	94472	48.4	36	44.15	0.17617866
Utg637590	94347	137.3307494	122	44.09	0.320801233
Utg636370	94138	170.6419437	95	44.29	0.227283331
Utg637472	93972	49.50904393	54	38.94	0.995370072
Utg636060	93306	131.9150485	96	40.61	0.969597927
Utg635842	93284	362.7404372	319.5	44.18	0.820190506
Utg635736	92335	127.9848101	74	44.12	0.428719651
Utg636658	91567	208.551532	50	44.45	0.943474659
Utg635336	90403	39.27173913	33	44.08	0.501757675
Utg637756	87934	279.9704301	29	62.31	0.883478682
Utg636956	85568	105.9820359	90	44.16	0.796594134
Utg637436	85523	49.18918919	50	36.7	0.98263694
Utg636626	84177	381.431677	156.5	44.15	0.269605037
Utg637996	84125	45.35465116	39	44.53	0.994742893
Utg635606	83758	36.2122905	44	37.46	0.988775991
Utg635358	82322	180.8601824	121	62.7	0.89810597
Utg635894	81806	85.73780488	69	43.77	0.483789077
Utg638156	81267	65.10726644	65	43.21	0.997305582
Utg635902	78730	241.0597484	246	44.12	0.408137478
Utg635764	78657	58.29850746	59	35.46	0.84144085
Utg636862	78071	96.80745342	92.5	45.44	0.792744479
Utg635946	77307	46.13623978	47	40.79	0.442697914
Utg636548	77195	23.39107612	24	42.34	0.997242599
Utg635772	77186	77.60451977	67	43.57	0.992475398
Utg637512	77035	138.5564972	130	44.38	0.764140697
Utg637244	76344	79.30981595	89	44.08	0.327256689
Utg635868	75916	56.01572327	59.5	52.58	0.510560634
Utg634888	75739	59.97520661	61	40.88	0.986211989
Utg636922	74696	1716.444805	56	41.69	0.931307928
Utg637604	74654	81.95138889	82	44.07	0.405154639
Utg637762	74057	67.73273273	54	43.92	0.983741516
Utg637842	73927	3945.5	44.5	62.37	0.858357924
Utg637368	73626	63.47094801	67	44.05	0.419978518
Utg637574	72697	114.8522337	119	44.12	0.269491986
Utg638676	72381	59.46258503	55	44.11	0.409831461
Utg637820	71325	55.49677419	48	44.19	0.811430438
Utg635800	70217	55.06382979	26	37.86	0.924386878
Utg637390	69749	87.11032028	93	44.13	0.454830287
Utg636088	69469	73.159375	51	44.05	0.333726763
Utg636882	68156	182.9806202	124.5	44.03	0.313740172
Utg635586	68055	49.24	51	35.91	0.995448769
Utg636044	67438	31.07829181	29	42.31	0.989015778
Utg636618	67155	225.4902724	40	44.11	0.170984456
Utg636566	67074	30.57857143	35	38.03	0.995712208
Utg637486	66311	51.07420495	51	40.93	0.986042806
Utg636032	64624	628.046332	24	41.37	0.920958018
Utg636064	62994	156.5294118	163.5	44.1	0.142614601
Utg638424	62731	21.42352941	22	35.33	0.989013652
Utg635978	62454	84.43902439	90	44.08	0.635904831
Utg636456	60363	36.70238095	44	38.41	0.990562711
Utg635236	59832	35.38554217	29	52.28	0.823444144
Utg635750	58308	127.8979592	67	44.41	0.144251369
Utg635552	57543	22.06024096	22	38.09	0.971284635
Utg636440	56554	24.41365462	24	39.53	0.998546975
Utg636152	56014	201.0533981	54.5	40.47	0.854761038
Utg638294	54710	45.59919028	46	37.28	0.978995997
Utg638748	51811	46.20187793	49	40.39	0.996137272
Utg637704	50797	94.55	96.5	43.95	0.453531599
Utg635022	49089	26.71428571	26	39.78	0.976332351
Utg637316	48780	553.5808081	114	62.51	0.79675425
Utg636880	45065	20.94382022	21	39.22	0.995024765
Utg636522	43571	29.8969697	26	38.2	0.937114673
Utg636100	40175	92.32876712	42.5	43.97	0.521186441
Utg637296	34793	44.2585034	47	39.17	0.989418299
Utg636086	24985	34.31496063	40	36.43	0.998553752