contig	length	mean.cov	median.cov	gc	uniq.kmer	Ns	n.ratio
Utg634806	39026300	54.36713979	54	39.95	0.980954454	20892696	0.535349136
Utg634722	32965446	55.47980318	55	42.09	0.983228708	17721745	0.537585477
Utg634692	23722762	52.70064311	54	39.49	0.980900547	12998075	0.547915753
Utg634672	22296604	55.00183012	55	41.42	0.980590473	12326276	0.552831992
Utg634646	22253562	54.04745564	54	38.89	0.981084337	12799631	0.575172235
Utg634766	21829225	53.17300198	55	40.59	0.982461704	12564959	0.575602615
Utg634774	21195092	54.74688007	54	40.66	0.984009445	11113794	0.52435696
Utg634826	21194740	54.98883373	55	44.97	0.987994829	10224031	0.482385299
Utg634696	20544937	55.78820124	55	41.9	0.983261998	11132563	0.541864061
Utg634994	18277966	56.46973378	56	46.69	0.985767842	10392980	0.568607032
Utg634896	17843741	56.31316282	56	45.44	0.987575825	9594027	0.537669035
Utg634842	17672335	54.41781023	54	41.77	0.987452539	7950914	0.449907383
Utg634662	17527135	55.05468537	54	39.58	0.979218496	9077735	0.517924635
Utg634642	17271236	55.69246287	55	42.67	0.987045588	8195250	0.474502809
Utg634668	17256258	57.70108299	56	47.44	0.982964068	9703498	0.562317624
Utg634566	17046619	54.70337728	54	42.04	0.983434356	9184664	0.538796814
Utg635112	16848821	53.69314879	53	38.35	0.981153989	9409175	0.558447087
Utg634732	16248375	55.6540435	55	48.66	0.983109494	8013552	0.493190981
Utg634816	16232544	55.2259475	55	38.42	0.985931396	8330922	0.513223436
Utg634724	16050936	53.17782627	53	37.13	0.981953075	8468768	0.527618327
Utg634614	15790052	54.40782458	54	40.08	0.983002284	8424493	0.533531682
Utg635136	15774172	56.31596848	56	49.08	0.988317315	7741977	0.490800848
Utg634558	15459157	56.82647868	57	47.03	0.983928217	7495827	0.484879415
Utg634534	15209197	55.95465166	56	42.33	0.983725522	8195046	0.538821741
Utg634542	15100729	54.84277572	55	40.98	0.982658586	8471826	0.561020994
Utg635306	14807412	55.07008368	55	40.27	0.985925757	7842567	0.529637927
Utg635060	14672999	53.48055927	53	39.77	0.983945054	8048942	0.548554662
Utg634624	14601993	53.26426311	53	37.45	0.982429184	7589785	0.519777335
Utg634710	14438406	55.30420188	55	45.71	0.984776933	7133704	0.494078363
Utg634526	14364035	55.67740175	55	50.24	0.98739887	6868327	0.478161394
Utg634590	13936439	53.34950994	53	41.17	0.985800776	7858777	0.563901367
Utg635120	13886388	54.88088321	55	39.82	0.981619968	7360746	0.530069158
Utg634524	13809189	55.66981912	55	42.37	0.988442259	7168265	0.519093844
Utg635048	13671307	54.29314805	54	40.31	0.984687902	6976656	0.510313754
Utg634580	13639612	53.77491833	54	39.19	0.985707181	6988314	0.51235431
Utg634620	13251339	52.7072648	52	37.96	0.980670534	7279739	0.549358748
Utg634690	13077613	54.81269766	55	39.61	0.98245241	7194380	0.550129446
Utg634598	13054090	52.54546116	52	37.03	0.981519309	6761800	0.517983253
Utg634622	12990837	54.59891962	54	39.87	0.981677436	7077486	0.544806004
Utg634538	12888135	55.2878696	52	42.84	0.981893894	6348768	0.492605641
Utg634782	12597430	56.07831064	56	50.75	0.989016263	6230612	0.494593897
Utg634796	12498831	66.05472503	56	41.93	0.981553225	6623546	0.529933239
Utg634632	12315476	54.02745951	54	41	0.986476237	5837245	0.473976402
Utg634570	12254658	54.36443535	55	41.03	0.980191178	6792520	0.554280666
Utg635150	12093881	55.67519916	55	42.43	0.984723375	6238139	0.515809524
Utg635088	11977784	53.31723008	53	39.52	0.985931644	5972433	0.498625873
Utg634768	11894687	52.86027091	53	37.52	0.981994701	6228942	0.523674309
Utg634778	11856720	54.79229272	54	42.21	0.982526259	6127548	0.516799587
Utg634596	11684138	53.84682673	54	38.83	0.982233407	6250753	0.534977677
Utg635202	11469410	55.88408107	56	45.38	0.985319666	6325264	0.55148992
Utg634824	11452813	56.30073223	56	45.17	0.986258304	6182308	0.539806945
Utg634916	11014572	54.25291171	54	39.07	0.982882993	5642077	0.512237516
Utg635074	10985544	56.83441678	57	43.72	0.982885215	5619647	0.511549269
Utg634746	10976123	53.833963	53	37.69	0.981583026	5928095	0.540090066
Utg635036	10942311	57.77888576	57	49.43	0.988036112	4892865	0.447150972
Utg634740	10736493	53.33987361	53	38.34	0.98055572	6338629	0.590381701
Utg634584	10575693	56.61393873	56	46.09	0.983650599	5818050	0.550134161
Utg634960	10402053	52.21721824	52	40.67	0.97987599	6133393	0.589632931
Utg635020	10301315	55.30704245	55	43.26	0.98523328	5410541	0.525228187
Utg635440	10176196	56.43754226	56	42.7	0.980769896	5835239	0.573420461
Utg635314	10171395	55.66107851	56	43.71	0.987249725	5146435	0.505971403
Utg634862	10014508	54.72979291	55	42.55	0.983638542	5388197	0.538039113
Utg635068	9914663	56.0866797	56	44.93	0.985587352	5801850	0.58517874
Utg634934	9892198	52.65579484	52	38.32	0.982897607	5215418	0.527225395
Utg634636	9875268	54.10350496	54	39.74	0.980849329	5364293	0.543204802
Utg634520	9854501	49.66778467	49	35.2	0.982442726	5033422	0.510773909
Utg635046	9694491	54.856179	55	41.34	0.977042289	5421030	0.559186656
Utg634874	9669340	54.59894866	54	43.5	0.986322011	5314352	0.549608557
Utg634750	9657727	53.07359435	53	38.33	0.982645623	5254867	0.54411012
Utg634574	9549097	55.58116641	55	42.47	0.986061443	4742020	0.496593552
Utg635198	9534452	57.83997308	57	46.19	0.98747144	4899027	0.513823658
Utg635196	9507374	53.70602675	53	45.76	0.985412681	4434844	0.46646361
Utg634666	9434171	55.56358806	55	39.77	0.983314433	4839080	0.512931131
Utg634844	9378186	55.11807666	55	38.82	0.981598172	5089908	0.542739076
Utg635262	9301872	55.46139908	55	42.3	0.985958852	4847635	0.521146174
Utg635026	9272212	53.46990974	53	38.45	0.980745171	4991102	0.53828601
Utg635040	9226561	54.63549396	55	40.03	0.981094941	4980905	0.539844152
Utg634588	9126149	53.40687175	53	41.77	0.984329195	5083174	0.556990029
Utg635218	9053340	54.97033753	55	39.28	0.982483146	4953327	0.547127027
Utg635016	9035047	55.7576732	56	40.61	0.985534749	4681274	0.518123923
Utg634852	8852938	57.57473214	55	42.9	0.981651703	4590333	0.518509561
Utg634808	8593646	53.3916276	53	37.39	0.980078452	4739135	0.551469656
Utg634918	8518131	56.54476605	56	42.71	0.983679969	4348032	0.510444369
Utg635244	8300781	55.19600835	55	42.43	0.983129111	4638980	0.558860666
Utg634670	8248692	52.32341698	52	37.48	0.984455174	4403698	0.533866218
Utg635144	8223668	53.27772437	53	37.9	0.983977231	4370952	0.531508811
Utg635350	8133810	57.17743438	56	41.44	0.985789664	4014462	0.493552468
Utg634528	8109052	56.05502462	56	40.29	0.984333009	4114952	0.507451673
Utg634978	8074030	55.63913338	55	46.18	0.984064789	4216584	0.522240319
Utg634962	8023252	53.36981042	53	37.2	0.984815168	4140446	0.516055834
Utg634626	7963650	53.37423947	53	37.49	0.978730113	4241389	0.532593597
Utg635028	7932169	57.63814925	57	47.65	0.985745909	3754549	0.473331947
Utg634822	7915984	58.10559808	57	44.68	0.978259831	4355831	0.550257681
Utg634984	7913234	54.53242484	54	40.64	0.983952659	4106777	0.518975807
Utg634610	7872859	27.51077528	27	41.62	0.979597355	4818141	0.611993813
Utg634728	7842124	53.19419568	53	37.74	0.978961769	4416449	0.563170003
Utg635726	7807442	53.41585898	53	48.85	0.988626793	3658746	0.468622886
Utg634912	7608842	51.28514956	53	44.06	0.978931009	4393289	0.577392591
Utg634976	7539768	54.63968159	54	42.49	0.988161847	3539179	0.469401578
Utg634914	7515441	53.7527582	53	37.35	0.983371106	3873927	0.515462366
Utg634678	7457150	54.14456907	54	38.26	0.982621121	3791469	0.508434053
Utg634784	7444800	56.90077871	57	43.45	0.983636261	3901770	0.524093327
Utg634572	7425688	56.36331734	56	45.47	0.985351014	4167735	0.561259105
Utg634552	7341270	54.93082172	55	43.04	0.982582729	4125183	0.561916807
Utg635360	7222978	56.81990739	56	51.23	0.988302863	3343251	0.46286324
Utg634594	7127528	55.7523224	55	42.79	0.982688073	3685479	0.517076748
Utg635272	7010664	54.0962988	54	39.67	0.982980626	3689126	0.526216347
Utg634694	6985099	56.38444677	56	44.02	0.97905351	4222636	0.604520566
Utg635158	6845537	56.39171375	56	43.03	0.983841752	3948090	0.576739268
Utg634564	6790492	27.07626238	27	40	0.978148299	4046446	0.595898795
Utg635080	6745351	54.869494	54	38.57	0.983211499	3544063	0.52540824
Utg635058	6713494	54.99155537	55	42.31	0.985171744	3513723	0.523382161
Utg634938	6682062	57.3519591	57	44.74	0.985331006	3904803	0.584370962
Utg634924	6677429	54.06808677	54	39.54	0.982829364	3678501	0.550885827
Utg634576	6642003	55.74410306	55	42.83	0.984315614	3923715	0.590742732
Utg635076	6610962	55.10513218	55	43.43	0.98463902	3503032	0.529882338
Utg634738	6586680	53.66507211	53	38.26	0.982860955	3470699	0.526926919
Utg635392	6568691	59.31659095	58	47.99	0.98695067	2992601	0.455585595
Utg634634	6566413	53.92850158	53	39.58	0.979368198	3675261	0.559706037
Utg634792	6541447	56.90780323	57	44.59	0.983781428	3677085	0.562121041
Utg634734	6497979	57.42154996	55	40.47	0.982845125	3621111	0.557267267
Utg634866	6487292	52.31428467	52	39.67	0.979424108	3567304	0.549891079
Utg634908	6276710	54.5401427	54	39.43	0.977998502	3663757	0.583706592
Utg635164	6169216	54.42609259	54	41.95	0.979448134	3817538	0.618804399
Utg634674	5987108	53.87982816	53	39.4	0.98073495	3548066	0.592617671
Utg635168	5983431	55.42545075	55	43.97	0.982467537	3080784	0.514885857
Utg634846	5948135	52.20698925	52	36.98	0.982937431	3153946	0.53024116
Utg635098	5930972	54.96118344	55	40.6	0.98283465	3064011	0.516611948
Utg634810	5813106	51.61825675	51	36.24	0.983915147	3051526	0.524938991
Utg635294	5812903	52.46778377	52	38.16	0.984070672	3241085	0.557567364
Utg635012	5791985	53.87746467	54	43.73	0.987905356	3203395	0.553073773
Utg634586	5757184	53.92459612	54	41.13	0.984863337	3361163	0.583820666
Utg634968	5742470	51.72307184	51	36.47	0.983026458	2852941	0.496814263
Utg634602	5666977	57.50297619	57	42.55	0.98338172	3128735	0.55209947
Utg634652	5653980	54.62314056	54	39.89	0.983862989	2924990	0.517332923
Utg634770	5631925	52.86536258	53	37.94	0.985711947	2891020	0.513327148
Utg635508	5629582	52.07393078	52	37.14	0.981264832	3077659	0.546694053
Utg634556	5627521	53.97522064	54	38.56	0.981008367	3093323	0.549677736
Utg635268	5558694	54.27461966	54	41.04	0.975936115	3267976	0.587903562
Utg634814	5471385	54.08403107	54	41.53	0.98087583	3357255	0.613602406
Utg635558	5470001	56.70104963	55	40.91	0.985365627	2876310	0.525833542
Utg634708	5399879	56.42599608	56	42.44	0.979259189	2779135	0.514666162
Utg634604	5397574	54.95553591	55	39.95	0.980596464	2934154	0.543606072
Utg634988	5397265	57.1367704	57	47.15	0.986793794	3156975	0.584921252
Utg634798	5364127	53.49664847	53	39.23	0.982014796	3043929	0.567460278
Utg634764	5305969	56.29893703	56	39.72	0.981314338	2815709	0.530668197
Utg635014	5297891	49.77162	50	35.7	0.975971982	3002016	0.566643595
Utg635134	5283650	49.42956141	49	35.75	0.982692023	2799753	0.529889944
Utg634772	5279846	54.13020195	54	40.22	0.980913576	2995400	0.567327153
Utg634532	5273291	53.71097104	53	44.48	0.986758563	2422061	0.45930729
Utg634704	5263473	54.80401277	55	43.34	0.983358845	2744668	0.5214557
Utg634836	5258890	56.29113753	54	39.05	0.974264352	2995624	0.569630473
Utg634878	5203013	49.78872596	50	35.73	0.976459515	3029124	0.582186514
Utg635334	5183456	51.96309202	52	38.4	0.973617165	3173261	0.612190207
Utg635206	5112564	54.01454714	54	40.76	0.975386774	2925568	0.572231076
Utg635304	5050398	54.05566582	55	45.89	0.97839686	3140730	0.621877721
Utg635050	5045551	25.93507669	26	36.62	0.972616008	3059912	0.606457451
Utg634876	5034881	56.19931223	56	44.13	0.986059218	2632193	0.522791502
Utg634700	4989332	55.70560122	56	45.2	0.984440562	2812511	0.563704921
Utg634752	4977083	55.29158607	55	40.65	0.981041842	2832547	0.569117895
Utg635106	4928679	52.19313201	52	37.79	0.98302499	2817525	0.571659262
Utg635212	4857182	54.24605494	54	42.69	0.981436147	2806608	0.577826402
Utg634578	4827333	27.59033849	27	41.44	0.973487998	2650283	0.549015989
Utg635650	4696473	53.79723386	54	40.62	0.980304754	2688664	0.572485778
Utg634544	4691552	54.14428848	54	38.24	0.979074471	2493185	0.531420093
Utg634972	4611149	52.92644258	53	41.16	0.979174753	2644085	0.573411312
Utg635190	4564194	53.4952411	53	41.9	0.981262628	2848720	0.624145249
Utg634910	4560792	52.84228223	53	37.64	0.984267816	2324964	0.509771987
Utg634922	4519839	52.62630634	52	40.1	0.983445547	2398505	0.530661601
Utg634536	4466005	57.06367181	57	46.63	0.987562947	2372887	0.531322065
Utg634644	4464862	52.60745834	51	36.13	0.975252998	2523191	0.565121834
Utg634554	4461223	52.07088206	52	36.93	0.980320601	2351905	0.527188397
Utg635032	4439529	53.70189368	53	46.43	0.989771231	1735133	0.390837181
Utg635004	4438793	58.29130105	58	46.71	0.982152601	2197845	0.495144739
Utg634948	4417149	50.06918003	50	34.45	0.985480888	2240631	0.507257283
Utg635122	4400916	51.19884868	51	38.66	0.984962413	2016357	0.458167572
Utg634654	4395105	52.74193548	53	38.29	0.983066858	2235704	0.508680452
Utg635384	4392079	54.62045591	54	39.78	0.983912524	2152010	0.489975249
Utg634930	4375732	55.57491347	56	47.18	0.987585356	2327614	0.531937056
Utg634560	4355285	26.52268963	26	37.85	0.976485181	2350543	0.539699009
Utg635398	4350055	54.68034569	54	43.25	0.979706158	2384935	0.548253988
Utg635450	4331387	51.16698943	51	36.04	0.979511955	2298544	0.530671584
Utg635224	4289048	55.0959579	55	52.06	0.987426369	1968909	0.459055016
Utg634892	4285171	52.42678571	52	38.01	0.977792275	2277738	0.531539582
Utg634986	4280647	51.48861501	51	36.19	0.981895048	2261483	0.528304016
Utg635086	4273900	54.50211065	55	41.18	0.977257748	2437660	0.570359625
Utg634744	4222159	52.91142534	53	38.4	0.983680971	2243185	0.531288613
Utg635320	4207478	52.33558711	53	40.33	0.980840481	2153705	0.511875523
Utg635172	4187104	52.87161898	53	37.79	0.973314731	2268019	0.541667702
Utg634780	4185664	57.17160298	57	48.88	0.979377687	2018790	0.482310572
Utg634858	4173849	61.93110587	57	44.54	0.979562076	2315715	0.554815232
Utg634616	4166415	28.10896159	27	40.56	0.981004919	2323917	0.55777377
Utg635340	4155576	53.11223441	53	41.13	0.982187579	2501633	0.601994284
Utg634758	4147205	52.22443133	52	37.83	0.980601131	2322263	0.559958575
Utg635242	4140072	53.03924485	53	38.31	0.979873666	2354317	0.568665714
Utg635590	4127596	53.59780537	54	38.75	0.97771739	2348883	0.569068048
Utg634964	4121239	55.39894235	55	39.09	0.984054322	1987476	0.482252061
Utg634906	4100837	51.82759418	51	37.37	0.972093108	2341492	0.570979046
Utg634838	4044167	43.78837032	46	39.96	0.979772563	2258761	0.558523177
Utg634640	4023097	54.33098924	54	37.68	0.982645707	2061450	0.512403753
Utg635038	4007807	50.74178848	51	36.78	0.977783574	2312489	0.576996098
Utg635744	3974816	58.07628236	58	51.07	0.984639505	2085593	0.524701772
Utg634996	3922805	55.20601922	55	41.74	0.975574504	2362527	0.602254509
Utg636114	3890652	54.34754402	54	51.45	0.989088261	1731717	0.445096863
Utg634702	3878089	55.25379689	55	40.66	0.978171025	2026150	0.522460934
Utg634612	3858855	54.10850064	54	46.79	0.984919961	1707795	0.442565217
Utg635494	3836089	51.37924351	51	47.78	0.989393175	1607209	0.418970728
Utg635342	3812277	55.98327738	56	43.92	0.980099723	1857633	0.487276502
Utg634748	3792259	52.39087277	53	36.67	0.985998658	1745875	0.460378629
Utg635210	3780387	55.64305093	55	45.9	0.978820123	2067223	0.546828407
Utg635208	3752895	51.53124604	51	37.08	0.980651113	2076263	0.55324303
Utg635162	3749987	50.66285028	51	35.68	0.981376246	2002988	0.534131985
Utg635684	3702003	57.58894122	55	45.11	0.981104526	2078662	0.561496574
Utg634720	3675951	49.59691185	49	34.79	0.981569015	2001149	0.544389465
Utg635222	3675942	52.77823514	53	46.26	0.987792543	1916000	0.52122694
Utg634854	3663986	53.23540756	53	39.05	0.982477831	2051503	0.559910163
Utg634970	3646478	26.33400324	25	36.89	0.9769967	2272658	0.623247418
Utg634980	3641677	53.11302757	53	38.46	0.980815696	1946972	0.534636103
Utg634550	3613176	52.78844509	53	37.94	0.984131618	1826315	0.50545974
Utg635200	3610209	50.73486131	51	36.76	0.97930399	2284411	0.632764197
Utg635182	3605742	56.54374132	55	40.84	0.980759033	1967351	0.545616131
Utg635044	3596439	54.53394178	54	52.18	0.983622948	1623294	0.451361472
Utg635424	3581419	53.12361038	52	45.57	0.975791179	1637729	0.457284948
Utg635142	3560853	51.35770304	51	36.65	0.981239419	1887596	0.530096581
Utg634920	3487853	52.21014642	52	38.15	0.983753486	1685954	0.483378743
Utg635834	3465144	54.93711677	55	41.7	0.985962061	1661162	0.47939191
Utg634522	3459074	54.92567474	54	44.53	0.975018204	2056188	0.594433077
Utg634848	3404884	54.18068622	54	41.63	0.981064637	1947477	0.571965741
Utg636000	3388698	54.24867351	54	41.7	0.982418211	1794358	0.529512515
Utg635138	3249431	55.71313693	56	40.45	0.984051972	1960632	0.603377022
Utg634870	3228627	27.32338011	27	40.03	0.971774461	1853925	0.574214674
Utg635130	3117374	27.96946276	27	42.32	0.97038764	2079734	0.667142922
Utg635580	3093887	26.42498445	26	40.87	0.978117643	1801704	0.582343182
Utg635054	3092384	53.80565588	54	38.51	0.978834846	1712459	0.553766609
Utg635412	3042422	53.44808872	53	38.24	0.977001775	1701454	0.559243261
Utg635456	3040752	57.12896857	55	39.97	0.972120339	1605963	0.528146656
Utg635470	3022316	52.93950656	53	43.33	0.989335002	1456917	0.482053167
Utg635872	3020942	55.24455917	55	45.65	0.981548921	1848492	0.611892582
Utg635238	3018995	56.56964031	56	41.89	0.979437823	1651539	0.547049266
Utg634530	2985146	56.12959427	56	47.37	0.982574957	1430619	0.479245906
Utg634540	2972401	50.67472029	51	36.55	0.980352027	1683046	0.566224409
Utg635570	2956301	58.05775564	53	38.34	0.972956191	1740293	0.588672466
Utg634684	2943665	52.78241116	52	37.69	0.979848494	1596293	0.542280796
Utg634936	2931129	51.90615097	52	38.11	0.970987237	1832237	0.625095995
Utg635260	2912789	52.68418004	53	37.43	0.98027033	1573106	0.540068642
Utg634548	2873791	51.46430688	52	38.49	0.979915782	1544704	0.537514384
Utg635286	2840011	50.82664673	51	36.57	0.975125757	1640290	0.577564664
Utg634786	2835128	50.70061958	51	35.84	0.983580952	1485718	0.524039126
Utg636096	2817849	53.45304929	53	44.55	0.986320366	1519467	0.539229391
Utg635070	2788317	49.21537291	49	34.65	0.982368421	1468504	0.526663217
Utg635258	2744293	52.30264523	53	41.46	0.974929162	1796854	0.654760261
Utg634648	2733940	53.82417962	54	39.67	0.972656461	1563159	0.571760536
Utg635302	2700664	51.8235346	52	37.6	0.980518662	1518252	0.562177302
Utg635880	2691867	343.2852444	58	57.02	0.980729795	1127117	0.418711994
Utg635110	2690788	52.51646799	52	35.96	0.985126338	1222261	0.454239056
Utg634954	2681693	27.81110521	26	38.75	0.972748558	1620771	0.6043835
Utg635116	2676539	54.92561837	55	40.37	0.984409347	1508489	0.563596869
Utg635178	2675421	55.29643143	56	41.41	0.986777848	1521299	0.568620415
Utg634894	2671991	57.47600108	57	48.18	0.98797886	1441224	0.539382056
Utg634716	2645606	52.68186744	53	39.87	0.98047188	1390888	0.525735125
Utg635096	2642586	50.33423497	50	35.36	0.98258804	1352713	0.511889868
Utg635390	2624519	49.49004164	49	34.8	0.981605289	1307808	0.49830388
Utg634868	2622222	49.2710356	49	35.82	0.977772362	1551048	0.591501406
Utg635220	2611146	55.09037256	55	38.58	0.978933267	1504427	0.576155833
Utg635466	2597526	53.24699072	54	43.07	0.982944334	1429213	0.550220864
Utg634676	2567484	27.50435101	27	42.1	0.979735416	1314215	0.511868818
Utg635128	2552284	57.88079593	55	42.97	0.985753863	1171307	0.458925026
Utg634756	2545075	53.94700599	54	40.19	0.977218626	1356890	0.533143424
Utg635534	2540476	55.48769596	55	47.16	0.955235996	1453127	0.571990052
Utg634832	2531495	52.58841094	52	37.65	0.980158476	1432264	0.56577793
Utg634546	2525606	52.64608745	52	38.42	0.975947938	1527440	0.604781585
Utg635576	2498204	50.66738661	51	36.94	0.971199156	1483682	0.593899457
Utg634606	2492389	54.36200171	54	39.54	0.977775236	1385785	0.556006707
Utg634686	2488918	26.9726342	27	38.29	0.975613882	1558970	0.626364549
Utg635192	2427250	52.95089726	53	42.25	0.983755331	1268747	0.522709651
Utg634902	2394393	26.32787047	26	38.14	0.973938193	1541208	0.643673783
Utg634990	2388157	53.35727826	53	42.55	0.982148374	1468955	0.615099845
Utg635104	2369352	51.82194101	52	39.21	0.979336612	1342963	0.56680603
Utg634904	2366764	55.29537509	55	38.84	0.980242928	1255250	0.530365512
Utg635982	2362601	58.21646066	56	43.14	0.981179706	1246672	0.527669293
Utg635436	2339738	28.48242613	28	42.88	0.975895804	1327369	0.567315229
Utg634802	2336071	49.2395566	49	36.17	0.96591267	1504082	0.64385115
Utg635356	2297274	55.73239725	55	53.45	0.990103428	889648	0.387262468
Utg635246	2296671	52.40925524	52	36.84	0.98129245	1233990	0.537295068
Utg635362	2286506	52.73728549	52	40.19	0.982237517	1237448	0.541196043
Utg636488	2284867	56.18639084	56	44.67	0.987402336	1366176	0.597923643
Utg635234	2277915	54.70356194	53	42.59	0.975935367	1430554	0.628010264
Utg635332	2256262	55.2973029	55	45.65	0.978041057	1340373	0.594067976
Utg634882	2255483	49.14985833	49	35.1	0.978924432	1340411	0.594290004
Utg635666	2243196	48.92127973	49	34.95	0.981942486	1187171	0.529231953
Utg635406	2223427	52.62842173	53	43.29	0.978360731	1358511	0.610998697
Utg635524	2219684	53.78737086	54	38.42	0.980898621	1269378	0.571873294
Utg634850	2203554	52.70837741	53	38.61	0.976659529	1264358	0.573781264
Utg635560	2195796	58.16299179	58	53.7	0.989858823	958162	0.43636203
Utg635920	2179019	53.4603192	53	38.03	0.980322158	1207282	0.554048404
Utg635692	2171563	70.35570033	54	48.55	0.982240858	1030097	0.47435741
Utg635152	2169483	50.98484848	50	36.62	0.972559484	1353969	0.624097538
Utg635316	2138513	54.98226436	55	43.19	0.969057568	1125343	0.526226869
Utg635906	2115785	52.81541379	53	39.74	0.982175748	1099497	0.51966386
Utg635584	2110733	57.85466231	58	46.03	0.98557108	1158613	0.548914998
Utg635520	2091819	54.70984337	55	38.71	0.978528015	1216510	0.581556052
Utg634820	2090820	51.84459843	53	46.05	0.973177731	1163924	0.556683024
Utg634840	2081426	23.93316167	24	35.42	0.96793325	1173946	0.564010443
Utg634940	2067380	47.76499022	48	35.28	0.971788017	1320205	0.638588455
Utg634730	2065875	28.7613688	28	41.54	0.977773175	1156161	0.559647123
Utg635656	2047347	52.13417512	52	35.93	0.981862327	1000900	0.48887658
Utg635504	2033994	54.29935408	54	41.14	0.978767348	1099615	0.540618606
Utg634932	2006417	52.47829716	52	38.32	0.981441045	1142922	0.569633331
Utg635600	1985556	53.03018109	53	40.87	0.984040655	958086	0.482527816
Utg635760	1966635	56.83090625	57	49.17	0.980654206	1127401	0.573263976
Utg635030	1954592	59.03441173	55	41.73	0.976324742	1096314	0.56089148
Utg634856	1948553	48.45127639	48	35.02	0.978686904	1099435	0.564231509
Utg634562	1930974	53.44659132	53	38.55	0.975769404	1090795	0.564893675
Utg635640	1929116	53.26939864	53	38.75	0.982588002	959644	0.497452719
Utg634998	1905010	27.7914787	27	39.07	0.973038723	1179476	0.619144256
Utg635632	1897450	54.07308176	54	45.63	0.986243201	943702	0.497352763
Utg635312	1890051	56.00470798	54	47.71	0.978775165	997008	0.527503226
Utg635442	1868276	48.43882175	48	34.74	0.981281292	1018255	0.545023862
Utg634706	1829313	52.9712607	53	40.91	0.977715585	1078402	0.589512019
Utg635702	1782793	51.34732466	51	38.31	0.980093091	1002915	0.562552691
Utg635710	1781874	49.88879979	50	35.07	0.980298688	1085239	0.609043625
Utg634714	1752598	53.62954295	53	40.5	0.977700081	1062928	0.606487055
Utg634950	1748865	53.03169913	53	36.47	0.98303224	923107	0.527832051
Utg635844	1732925	27.02669235	27	41.63	0.958213098	1219768	0.703878125
Utg634698	1731726	48.97710548	48	34.4	0.977026021	984856	0.568713526
Utg635232	1719386	51.96013841	53	47.58	0.992080569	703007	0.408870957
Utg634754	1695993	55.06998466	56	40.05	0.980768112	938602	0.553423275
Utg635426	1660499	60.4879977	61	49.94	0.991096192	768792	0.462988535
Utg635292	1659022	24.90991888	24	37.75	0.961237629	1243911	0.749785717
Utg635830	1654020	51.85982388	52	36.94	0.974130504	1015206	0.61378097
Utg635550	1641318	55.86419226	56	43.16	0.971365074	1033107	0.62943744
Utg635476	1639126	56.01912489	56	39.49	0.981431039	910035	0.555195269
Utg634958	1632710	58.14712215	57	46.17	0.985037582	913549	0.559529249
Utg635034	1591393	52.42303665	52	38.33	0.983005772	858114	0.539221927
Utg635148	1571196	25.81269302	26	38.05	0.96132176	1047514	0.66669849
Utg634742	1570236	27.91491929	28	41.93	0.972208254	992372	0.631989077
Utg634804	1564233	53.60218866	54	51.89	0.985550719	718535	0.459352922
Utg635498	1560847	49.89344764	50	36.82	0.965168916	1054045	0.675303217
Utg635824	1557911	57.62656107	57	50.97	0.984658346	815754	0.523620412
Utg634890	1556397	48.60146924	48	34.85	0.979517748	837787	0.538286183
Utg634712	1533455	54.04860248	54	40.32	0.978421056	869008	0.566699381
Utg635516	1522884	54.16353557	54	41.17	0.979342471	889055	0.583796927
Utg635734	1513001	57.34285714	57	50.16	0.984675291	724056	0.478556194
Utg635878	1489659	55.46693484	55	46.85	0.986942368	892340	0.599022998
Utg634974	1488207	52.67413572	52	44.7	0.978758661	831013	0.558398798
Utg635102	1471321	53.23539997	54	38.17	0.974895333	808479	0.549491919
Utg635230	1445098	49.92329218	50	35.08	0.981597456	804417	0.556652213
Utg635228	1410707	54.67397538	55	46.56	0.986357475	814718	0.577524603
Utg635176	1407690	27.66002701	26	37.19	0.980258287	768442	0.545888654
Utg635468	1391381	55.04722793	55	43.17	0.974642284	827908	0.595026093
Utg635170	1389308	52.62920962	52	38.63	0.970100888	868556	0.625171668
Utg636384	1379697	51.79737303	53	38.99	0.98120091	739802	0.536206138
Utg635574	1359677	49.96733977	49	34.25	0.984796178	719015	0.528813093
Utg635474	1349127	26.97112814	27	44.59	0.969866022	676762	0.501629572
Utg635264	1336674	53.47006256	54	38.49	0.973636649	748022	0.559614386
Utg635602	1332257	53.24206349	52	39.2	0.986561747	740646	0.555933277
Utg635610	1328415	53.66267857	52	52.83	0.982618936	694663	0.522926194
Utg635186	1324976	52.50783813	53	47.84	0.992594306	477457	0.360351433
Utg635188	1319544	27.86472572	28	42.11	0.977293256	753999	0.571408759
Utg635382	1315293	50.02253219	50	37.27	0.979152409	737293	0.560554188
Utg635992	1312985	47.90348924	48	34.94	0.981872095	751968	0.572716368
Utg635094	1296146	55.05669827	55	43.62	0.98239282	744022	0.574026383
Utg634944	1290694	25.23090942	24	38.24	0.974605738	772681	0.598655452
Utg635278	1277487	47.37869063	47	36.51	0.963080928	834378	0.65314011
Utg635124	1264348	50.16911065	50	39.31	0.973491774	742723	0.587435579
Utg636788	1256784	54.88478639	55	37.27	0.977722117	705467	0.561327165
Utg634608	1254664	53.38553318	53	40.86	0.980796826	647805	0.516317516
Utg635746	1249025	46.72942088	51	37.59	0.969572495	723551	0.579292648
Utg636012	1243864	57.40365034	58	41.95	0.988218979	655739	0.527179016
Utg635496	1222490	59.37329435	57	42.17	0.977489236	648574	0.530535219
Utg635374	1214449	26.12175962	26	38.76	0.967420054	795084	0.654687023
Utg635430	1202541	52.65160263	52	35.37	0.982797146	633667	0.526940038
Utg635180	1202460	62.04823151	53	38.31	0.975027985	637001	0.529748183
Utg635708	1177558	52.50196647	52	41.1	0.97924106	693093	0.588585021
Utg635298	1174120	45.43743703	47	34.12	0.981135718	660727	0.562742309
Utg635462	1150588	51.57668199	52	35.73	0.984791873	583925	0.507501382
Utg634992	1147562	24.60433198	25	36.4	0.964468336	776222	0.676409641
Utg634788	1117798	53.640993	53	37.78	0.97799159	607506	0.543484601
Utg634638	1117771	23.83347351	24	36.12	0.965942947	779805	0.697642898
Utg635042	1104195	23.81679225	24	36.31	0.962598141	764893	0.692715508
Utg635408	1100124	47.49302725	47	34.34	0.978107104	669598	0.608656842
Utg635460	1096832	27.87782319	28	41.65	0.971056313	742371	0.676832003
Utg634956	1080066	49.69581581	50	41.63	0.968981012	744675	0.689471755
Utg636026	1067423	26.26207971	26	38.15	0.980861683	651949	0.610769114
Utg634790	1065750	79.52999105	56	45.85	0.975481069	587157	0.550933146
Utg635506	1059979	53.91229617	53	46.96	0.992059519	458224	0.432295357
Utg636200	1059181	51.51735429	52	41.68	0.963959983	589979	0.557014335
Utg635706	1050688	54.07424174	54	39.52	0.98691026	549039	0.52255189
Utg635024	1047601	46.06935123	47	34.66	0.97045854	660279	0.630277176
Utg635688	1032792	55.70115988	53	37.59	0.980884958	529430	0.51262016
Utg635216	1030353	23.58163499	24	35.91	0.96388619	726716	0.705307793
Utg634600	1015685	56.91285612	57	43.53	0.988077865	459714	0.452614738
Utg634664	998876	27.43564593	27	39.55	0.954374622	587973	0.588634625
Utg634582	970520	49.80409573	50	34.47	0.982686797	445094	0.458613939
Utg635454	947767	45.41975941	49	40.08	0.957635451	507486	0.535454389
Utg635344	941760	51.85717853	52	37.08	0.970246425	557803	0.592298462
Utg635696	935583	49.40124256	50	37.27	0.964413078	512852	0.548163017
Utg634942	930869	49.67222512	50	34.93	0.969548746	571716	0.614174497
Utg636582	917464	58.10614819	50	34.38	0.980997784	485748	0.529446387
Utg635540	914307	47.86880616	48	36.19	0.960692211	597699	0.653718062
Utg636306	913339	80.39942075	55	45.93	0.986360227	499612	0.547017044
Utg635056	912101	27.69536424	28	40.28	0.979549633	543602	0.595988821
Utg635690	908518	54.12168611	54	39.33	0.983915637	467153	0.514192344
Utg635620	902963	46.23322851	28	38.36	0.967593774	548731	0.607700426
Utg636234	897359	64.71586616	59	50.51	0.966191401	402871	0.448951869
Utg635654	870628	53.57329989	53	39.47	0.981457201	497207	0.571090064
Utg635526	849888	53.55394304	54	42.57	0.974642652	496133	0.583762802
Utg635270	848837	49.85898138	49	35.81	0.980734666	544961	0.642009008
Utg635386	828671	25.39698046	25	37.15	0.968004646	586397	0.707635479
Utg636380	826320	53.3013226	53	42.64	0.98473744	400664	0.484877529
Utg635926	823584	49.34842804	50	35.48	0.98228487	518202	0.629203579
Utg635596	823349	58.88374783	59	43.03	0.981856129	441453	0.53616753
Utg635006	823188	25.30705882	25	36.98	0.963358291	539042	0.654822471
Utg635662	821893	28.84683358	29	39.97	0.980173083	453652	0.551959927
Utg635916	819391	56.15274189	57	42.32	0.982932072	465369	0.567944974
Utg635776	812439	52.25063008	53	37.79	0.982481101	417219	0.513538863
Utg634794	812422	52.42519917	52	36.13	0.981885727	486659	0.599022429
Utg636038	810746	24.02281918	23	37.87	0.952538273	609336	0.751574476
Utg635846	807261	103.1430709	51	41.01	0.945463543	393794	0.487814969
Utg635756	795702	49.32589689	50	41.17	0.979646751	408803	0.513763947
Utg634860	788499	57.34944126	57	46.84	0.990654351	442278	0.560911301
Utg635250	787188	47.20419003	47	34.91	0.967285441	475536	0.604094575
Utg635018	768491	27.39660591	27	40.98	0.970555027	480557	0.625325476
Utg635146	761988	24.36047604	25	35.9	0.969926203	415463	0.545235621
Utg635680	747000	57.09287257	57	44.09	0.98502622	376283	0.503725569
Utg635554	732488	27.96120973	27	39.27	0.955259605	454540	0.620542589
Utg636538	718508	49.35281837	50	37.07	0.98460212	420279	0.584932944
Utg635634	715027	26.66299417	26	36.7	0.960085257	455806	0.637466837
Utg635960	698260	22.38821549	22	35.33	0.966731783	480466	0.688090396
Utg635938	697844	51.18007799	56	39.98	0.983099353	377667	0.541191154
Utg636532	697062	47.5353394	47	35.71	0.979856167	395238	0.567005517
Utg635486	694508	54.19350519	55	46.22	0.986887762	408087	0.587591504
Utg635140	690074	51.4404804	48	39.13	0.927862654	507731	0.735763121
Utg636812	688956	51.19193277	51	38.78	0.97094609	452984	0.657493367
Utg634656	686680	52.38267275	52	36.61	0.984336221	355941	0.518350615
Utg635002	678434	27.08786168	27	40.5	0.963532007	439067	0.647177176
Utg635484	668234	53.95176056	54	39.3	0.985009148	360140	0.538942945
Utg635962	666091	51.76489249	52	38.76	0.985233637	371000	0.556980953
Utg635758	661616	50.83803068	51	41.25	0.981390377	343665	0.519432722
Utg635646	649098	52.88210607	54	44.23	0.965632719	341339	0.525866664
Utg636322	644580	53.73940757	55	47.91	0.98046338	369137	0.572678333
Utg636016	643180	47.00506879	48	35	0.972355527	388233	0.603614851
Utg636052	634393	29.37327189	29	46.99	0.979981617	350896	0.553120857
Utg635730	634040	24.2980664	24	36.87	0.968377804	382233	0.602853132
Utg635066	631265	25.90659134	25	37.46	0.960215715	464525	0.735863702
Utg635812	631139	54.97808012	54	42.16	0.985678798	354893	0.562305609
Utg635598	630700	24.87116332	24	39.17	0.962591773	454868	0.721211352
Utg635328	627400	53.35900298	53	37.42	0.991436362	316120	0.503857188
Utg635622	623866	100.6097953	57	44.16	0.487311783	316659	0.507575345
Utg635816	622975	12.98156493	8	44.07	0.408564776	309351	0.496570488
Utg635658	616821	53.83403603	48	35.68	0.973662496	332419	0.538922961
Utg634660	611979	58.35471554	58	43.41	0.97706798	332847	0.54388631
Utg636058	608747	41.6554587	23	44.26	0.452580968	299057	0.491266487
Utg636870	608358	49.23329471	52	39.39	0.966874641	357072	0.586943872
Utg635790	596625	25.55388867	26	37.32	0.976822399	401691	0.673272156
Utg635638	594496	56.17294118	56	38.91	0.987229246	360786	0.606877086
Utg634736	568261	98.18850765	52	43.52	0.953259068	307905	0.54183729
Utg635896	564358	25.4550308	25	36.86	0.982117573	322810	0.571995081
Utg635956	563386	51.76121262	52	35.8	0.981974889	336015	0.596420571
Utg635762	562973	54.65910999	55	43.13	0.973816427	274490	0.487572228
Utg635062	554702	50.35547886	51	37.75	0.972345808	325419	0.586655538
Utg635664	551182	26.04797209	25	38.92	0.94892642	410157	0.744140774
Utg635528	545096	25.03698869	24	37.97	0.963319636	423679	0.777255749
Utg635612	530765	47.79348796	49	36.8	0.960875269	331182	0.623971061
Utg635836	524357	37.6728245	20	44.15	0.332921677	262333	0.500294647
Utg635290	523392	55.26871842	55	39.79	0.988051521	299107	0.571477974
Utg635898	521949	50.02125735	51	37.59	0.979946069	335464	0.642714135
Utg635862	518863	27.3064663	18	44.13	0.200126892	257191	0.495681904
Utg636126	518703	55.23405211	56	43.06	0.979578713	295923	0.570505665
Utg635732	516651	28.55363985	28	55.29	0.990000376	221863	0.429425279
Utg635064	497342	52.7795432	57	47.77	0.975494411	269285	0.541448339
Utg635284	493967	41.63322884	9	44.99	0.750528432	240672	0.487222831
Utg635548	493880	46.69090909	48	37.25	0.92814859	319558	0.647035717
Utg635592	492652	60.74805825	61	47.92	0.989797186	251181	0.509854827
Utg635492	491987	59.06306306	58	40.77	0.977721673	305490	0.620931041
Utg636066	491203	54.68952197	55	49.88	0.995811131	251687	0.512388972
Utg636278	490201	12.06648199	4	44.05	0.648754387	241930	0.493532245
Utg636460	489863	5.666015625	3	44.12	0.761567934	243939	0.497973923
Utg635108	489394	47.76030317	48	33.94	0.969471341	296358	0.605561163
Utg634682	489130	57.97839654	57	52.63	0.991867907	238908	0.488434567
Utg635482	487308	54.86089866	57	42.69	0.977325622	255784	0.524891855
Utg635414	484855	5.656012177	3	44.22	0.507338184	241210	0.49748894
Utg635114	483920	27.68578431	27	39.16	0.982065264	283462	0.585762109
Utg635370	482783	48.32133933	49	34.79	0.985953297	296280	0.613691866
Utg635674	480319	49.29024016	51	36.3	0.990937616	237471	0.494402678
Utg635682	477796	29.26373626	30	53.56	0.990126078	219024	0.458404842
Utg635546	477640	22.64072165	23	35.89	0.957904731	325576	0.681634704
Utg636160	467909	31.66290481	18	44.22	0.329594272	229599	0.490691566
Utg635988	467455	53.55182073	9.5	47.62	0.515224335	221277	0.473365351
Utg634762	456883	24.2226762	24	38.08	0.947401479	323351	0.707732614
Utg635100	449729	24.19649495	24	38.34	0.944015326	345422	0.768066991
Utg636142	440619	49.81307902	51	39.35	0.963426124	285628	0.648242586
Utg635648	439594	26.43149171	27	41.14	0.95163138	292602	0.66561873
Utg637054	430785	16.19964349	8	44.13	0.328915092	216318	0.502148403
Utg635802	430690	14.09248555	6	44.2	0.290908257	209656	0.486790963
Utg635380	429524	49.63694608	50	34.84	0.989486789	204405	0.475887261
Utg636314	426855	7.903358465	4	44.2	0.525676901	213552	0.500291668
Utg635000	425253	51.45345517	51	35.96	0.98870468	240474	0.565484547
Utg634900	418743	15.35953979	7	47.88	0.680268317	185606	0.443245618
Utg634718	414162	56.25707814	52	46.3	0.970637431	243364	0.587605816
Utg637008	408290	37.51119895	26	45.96	0.341181627	194763	0.477021235
Utg635288	408187	67.85638921	53	38.9	0.959382741	237817	0.582617771
Utg634952	407742	13.73854827	6	44.44	0.336201509	203774	0.499762104
Utg636014	405536	54.01392252	55	39.73	0.983260068	262499	0.64728902
Utg637044	404177	46.13282172	17	44.01	0.672996568	197601	0.488897191
Utg634776	395729	44.4211793	44	34.74	0.971782075	252026	0.636865127
Utg634830	388159	19.78039794	4	44.34	0.422265586	190512	0.490809179
Utg636154	386741	20.96575342	10	44.11	0.335375586	190283	0.492016621
Utg635672	383640	22.82417582	23	36.86	0.957447232	293693	0.765543218
Utg635500	383379	857.1724138	60	45.46	0.938602364	190830	0.497758093
Utg636108	381542	57.44834184	27	44.97	0.346649177	177573	0.465408789
Utg636834	373519	22.33484574	5	44.13	0.245715476	192553	0.51551059
Utg636990	370342	82.25206044	41	44.17	0.514446061	189224	0.510943938
Utg636056	364935	13.20064725	11	44.14	0.367099347	177002	0.48502336
Utg635010	363292	26.14100906	26	39.92	0.951535193	268970	0.740368629
Utg635568	361246	50.29824561	50	35.79	0.98373781	205649	0.569276892
Utg634760	360057	28.19277108	26	38.97	0.959016565	268605	0.746006882
Utg635794	359636	48.21170865	47	37.27	0.990981155	204514	0.568669432
Utg637430	359146	21.86616335	17	44.02	0.546427616	179897	0.50090214
Utg635428	359145	48.79688558	49	41.03	0.984780396	202687	0.564359799
Utg636714	358516	6.872156863	5	44.18	0.348719091	179147	0.49969039
Utg635514	354298	55.42857143	55	40.9	0.929411475	195772	0.552563097
Utg636102	354084	94.64734637	67	45.44	0.729915854	156328	0.441499757
Utg635326	348705	50.84996651	53	40.3	0.984725429	181968	0.521839377
Utg635418	345505	51.13464141	52	42.48	0.988193137	220368	0.637814214
Utg635966	344785	29.4445174	29	43.1	0.987563273	220122	0.638432646
Utg635678	344589	18.01452785	14	44.28	0.412412512	167832	0.48704979
Utg635892	341730	27.72990127	21	44.15	0.49369354	178333	0.52185351
Utg635354	340834	95.64941022	86	37.36	0.9824107	208097	0.610552351
Utg636634	336761	12.81018519	9	44.23	0.370555631	174962	0.519543534
Utg636164	336019	111.8218884	92	48.23	0.961131182	151486	0.450825697
Utg635478	335917	23.8094566	23	36.52	0.956394892	228563	0.680415103
Utg636684	335027	24.20062208	17	45.03	0.641233531	157419	0.469869593
Utg635652	334463	67.08243728	69	36.11	0.986198343	241216	0.72120384
Utg634650	334248	36.64934057	26	41.08	0.905061887	244105	0.730311027
Utg636092	333273	120.6408715	78	44.28	0.390917918	161517	0.48463872
Utg637006	332204	63.42684766	29	44.08	0.283749533	160197	0.482224778
Utg638034	329725	79.28714524	24	44.82	0.321449792	161016	0.488334218
Utg637410	328853	30.82915718	19	44.21	0.347782636	166355	0.505864322
Utg635626	328159	38.1908622	30	39.73	0.939698591	223878	0.682224166
Utg635518	327328	48.42783124	50	36.42	0.985520894	170193	0.519946354
Utg636790	326079	20.14402985	14	44.14	0.31781909	164217	0.503611088
Utg634628	325171	5.025039124	2	44.25	0.744750543	164953	0.507280785
Utg636798	321331	92.66798732	20.5	44.19	0.341392868	165606	0.515375112
Utg635132	312786	23.53981623	25	40.27	0.946383371	223306	0.713925815
Utg635852	312271	274.406793	178	41.18	0.967559405	155909	0.499274668
Utg636214	312260	34.98245614	15	44.27	0.550006419	155162	0.496900019
Utg635718	306964	12.66722269	8	44.02	0.650996509	148006	0.482160775
Utg635870	305670	75.98542945	52	49.61	0.848363459	153102	0.500873491
Utg637866	305029	12.61431871	8	44.06	0.347602004	148880	0.488084739
Utg635768	302870	24.27258567	25	38.86	0.964285468	182211	0.601614554
Utg638804	301817	14.98264642	8	44.12	0.372858184	150792	0.499614005
Utg635092	300441	69.61365341	62	40.7	0.987920323	183949	0.612263306
Utg635854	299719	14.10731244	5	44.05	0.626552707	141491	0.472078847
Utg635464	299698	28.54843875	29	42.89	0.98302811	153369	0.511745157
Utg635452	297691	45.80929487	48	37.48	0.984090152	186863	0.627707925
Utg636406	296360	5.701639344	4	44.13	0.472590319	149076	0.50302335
Utg636266	293998	30.91418564	24	43.11	0.94464099	196269	0.667586174
Utg637496	292850	54.35725806	51	35.14	0.995162117	132787	0.453430084
Utg637120	291079	17.8886118	9	44.15	0.361260359	145812	0.500936172
Utg636264	289102	46.49585406	48	35.92	0.973474993	173549	0.600303699
Utg634726	285951	25.97100249	26	38.7	0.918711401	219832	0.76877507
Utg636244	283360	49.03408146	49	35.91	0.987252461	149671	0.528200875
Utg636206	282625	34.29837941	5	44.2	0.425417137	138268	0.489227775
Utg635628	279040	67.59090909	48	44.82	0.498027793	139736	0.500774083
Utg637402	274405	169.7067736	117	40.39	0.964796621	186283	0.678861537
Utg636572	274345	30.62387161	15	44.2	0.224065777	133856	0.487911207
Utg636952	273303	71.53546713	26	38.97	0.977718501	142721	0.522207952
Utg637282	272916	39.05998033	14	44.09	0.340725406	131306	0.481122397
Utg635214	272280	36.14362657	42	34.12	0.978128963	163132	0.599133245
Utg635770	272074	46.66872247	48	34.63	0.980990212	168159	0.618063468
Utg634880	271282	37.30910952	11	44.51	0.568802988	133376	0.491650755
Utg635366	261367	45.2653414	48	35.39	0.973140651	148517	0.568231644
Utg637364	258093	42.97303634	6	44.34	0.739050704	134722	0.521990135
Utg635090	258071	26.89084181	27	39.36	0.959711629	176614	0.684362055
Utg636598	255740	63.97164461	59	34.98	0.982713372	172462	0.674364589
Utg636560	255655	32.76526718	22	44.18	0.253741287	125496	0.490880288
Utg634592	255236	29.60149673	27	38.54	0.992185149	153740	0.602344497
Utg636336	254386	23.01396648	24	37.15	0.953070676	184674	0.725959762
Utg635774	252195	39.53429603	26	44.24	0.345033576	127397	0.505152759
Utg637444	249991	16.73176207	8	44.2	0.297988939	119226	0.476921169
Utg636196	248709	21.22717622	13	44.12	0.797512163	124522	0.500673478
Utg637558	247969	70.73560768	23	49.26	0.519710826	105805	0.4266864
Utg636118	247805	14.85747126	7	44.12	0.296723421	116585	0.470470733
Utg635882	245682	52.64264561	54	38.84	0.973055907	150949	0.614408056
Utg637274	244574	28.8574238	17	44.17	0.284549056	119947	0.490432344
Utg635578	243661	54.37512538	57	44.46	0.987519757	143773	0.590053394
Utg638148	243169	41.50050251	31	44.25	0.350147493	120668	0.496231016
Utg636484	242167	15.99803729	12	44.06	0.538843458	123670	0.510680646
Utg635240	241748	10.18540434	3	44.15	0.816621613	116846	0.483338021
Utg636612	241400	51.29434324	19	44.13	0.387773295	122217	0.506284176
Utg636144	240217	31.15291751	23	44.18	0.498324526	120121	0.500052036
Utg635644	239937	22.03225806	22	35.56	0.975003345	176136	0.734092699
Utg636022	239525	2.20668693	1	63.12	0.886017364	48264	0.2014988
Utg635254	238743	23.55350195	22	37.67	0.978469891	163082	0.683085996
Utg635226	238333	24.49076774	24	35.82	0.973663124	181617	0.762030436
Utg637192	237937	294.0852558	202	45.66	0.894253044	112234	0.471696289
Utg635330	237582	15.75714286	6	45.92	0.867464688	104192	0.438551742
Utg636988	234830	41.42586751	32	45.37	0.595854633	103358	0.440139676
Utg637366	233569	3.611940299	3	44.07	0.372646184	118638	0.507935557
Utg638298	232537	3.625	2	44.1	0.347351525	120941	0.520093577
Utg637182	232280	10.67608952	6	44.15	0.524242424	115976	0.499293956
Utg635850	232027	23.57215967	24	36.92	0.961250431	173718	0.74869735
Utg635998	231197	13.21902378	9	44.11	0.755536028	113359	0.490313456
Utg635008	231070	54.13474388	52	36.98	0.960316731	197687	0.855528628
Utg635964	230137	27.65563599	25	38.72	0.899379952	160400	0.696976149
Utg636082	226261	21.99146211	22	35.53	0.976198312	146396	0.647022686
Utg636642	224812	19.92916175	12	44.23	0.348977596	116165	0.516720638
Utg635994	223825	25.75338189	18	44.11	0.429654192	109387	0.488716631
Utg635876	223297	23.19174757	12	44.93	0.918240586	104975	0.470113795
Utg636442	223148	8.007062147	5	44.06	0.73429829	108866	0.487864556
Utg637336	223110	67.09071274	61	41.28	0.925987036	112854	0.50582224
Utg636300	222195	25.67640693	25	39.72	0.990207244	132359	0.595688472
Utg636184	221873	147.0153846	137	41.67	0.939815127	108191	0.487625804
Utg636346	221818	13.67225806	6	44.34	0.309750088	116361	0.524578709
Utg636310	221593	66.46162047	21	44.25	0.284742937	108595	0.490065119
Utg637074	220649	92.59576837	73	45.26	0.95202475	121976	0.552805587
Utg638202	219506	17.97682119	14	44.17	0.379027854	110942	0.505416708
Utg637036	217648	41.0863388	16	43.98	0.429204976	104941	0.482159266
Utg637582	217077	31.11820331	6	44.23	0.281035796	111412	0.513237238
Utg635372	216860	50.19042437	52	38.05	0.983911871	122588	0.56528636
Utg635346	216744	27.74082314	28	59.13	0.989723005	76034	0.350800945
Utg636404	216184	499.0726681	186	40.47	0.880789969	102752	0.47529882
Utg636448	214758	26.09259259	17	44.15	0.16886695	104846	0.488205329
Utg636600	214053	50.37587007	52	38.77	0.97190639	121220	0.566308344
Utg635826	213194	15.89042821	8	44.1	0.202807054	105809	0.496303836
Utg636540	212178	52.78318584	48	36.88	0.981751702	113735	0.536035781
Utg635670	210892	53.63995609	32	44.14	0.35327324	101585	0.481692051
Utg635296	210389	70.609447	53	38.28	0.994591562	109412	0.5200462
Utg635908	208720	31.22289157	15.5	44.21	0.396457153	103353	0.495175355
Utg637346	208625	21.2436751	7	44.14	0.228050922	107112	0.513418814
Utg636372	208055	54.58257919	49	34.26	0.994052264	103436	0.497157002
Utg636678	206615	17.29530201	10	44.25	0.263250786	102057	0.49394768
Utg637484	206476	20.34777651	14	44.11	0.243597951	100487	0.486676418
Utg636750	206291	38.97125	19	47.83	0.527040533	85902	0.416411768
Utg635608	204188	23.14639906	18	44.92	0.400986829	98494	0.482369189
Utg635918	204041	17.66235632	11	44.28	0.767465407	101617	0.498022456
Utg637804	204017	69.83411215	64	46.73	0.947693461	96255	0.471798919
Utg636202	201128	24.60849057	25	39.24	0.971171937	147947	0.735586293
Utg636960	201070	46.86414566	7	45.7	0.309628009	94510	0.470035311
Utg637116	200281	141.1040312	40	44.19	0.698289884	111911	0.558769928
Utg635194	200250	26.117713	26	37.93	0.983694625	115177	0.575166042
Utg637636	199471	19.91309824	12	44.24	0.482299569	97689	0.489740363
Utg636470	199169	25.72009292	27	40.41	0.988403816	106320	0.533818014
Utg636194	198634	5.361182519	2.5	44.14	0.255012882	98192	0.494336317
Utg636350	198189	11.8350365	4	44.07	0.502312561	97485	0.491878964
Utg637500	196288	20.32207479	21	37.71	0.949861129	139857	0.71250917
Utg637986	196110	10.23310345	5	44	0.634247191	92523	0.471791342
Utg636802	195774	13.37598945	4	44.23	0.432366113	99264	0.50703362
Utg636732	195159	86.39774859	14	53.66	0.748266818	67485	0.345794967
Utg637494	194932	43.88929889	40	44.08	0.657970523	97749	0.501451788
Utg637846	194414	21.9795082	18	44.19	0.559945238	104180	0.535866759
Utg637320	192881	12.68324607	5	44.14	0.206789234	95019	0.492630171
Utg637348	191986	10.1953867	8	49.38	0.535964536	82679	0.430651193
Utg635742	191971	16.50759878	10	44.14	0.244574468	98050	0.510754229
Utg636500	191957	22.63106796	23	38.81	0.966367689	137407	0.715821773
Utg637328	191408	48.78393352	20	44.12	0.224110778	96105	0.502095001
Utg637334	191066	16.65165165	11	44.07	0.730488067	95672	0.500727497
Utg637554	191040	85.87334138	60	42.63	0.924076049	103445	0.541483459
Utg637150	190533	24.88602442	21	44.12	0.448499554	95237	0.499845171
Utg636486	190329	53.42046856	53	41.97	0.979620719	89568	0.470595653
Utg635752	190077	48.79012346	47	35.01	0.975246499	113062	0.594822098
Utg636430	190004	18.47058824	16	44.07	0.777368758	95276	0.501442075
Utg636008	189969	6.830218069	4	44.06	0.328745368	95985	0.505266649
Utg635318	189968	24.83515152	25	38.91	0.953322209	127839	0.672950181
Utg636512	189445	12.85217391	5	44.2	0.550205275	96916	0.511578558
Utg635798	188506	17.72527473	15.5	44.22	0.138052635	91959	0.487830626
Utg636906	187599	16.04129032	14	44.09	0.56352547	91221	0.486255257
Utg636984	185739	52.21914008	46	44.17	0.242128975	88981	0.479064709
Utg637314	185475	12.26234133	10	44.11	0.781628513	90426	0.487537404
Utg637180	185132	26.16431095	6	44.21	0.277441875	94131	0.508453428
Utg636730	184943	9.731012658	7	44.09	0.313929314	91575	0.495152561
Utg637566	183940	29.00930851	17	44.18	0.235879702	94068	0.511405893
Utg636324	183529	118.3363363	24	41.63	0.851745789	94943	0.517318789
Utg636112	181681	18.03508772	12	46.48	0.212220535	81834	0.450426847
Utg635778	181396	49.11649215	52	39.31	0.973306403	113457	0.625465832
Utg636694	181214	27.4229765	29	39.49	0.981802235	110600	0.61032812
Utg637528	180898	36.63164894	32.5	44.02	0.44659229	86752	0.479563069
Utg636048	179796	20.50449294	21	36.93	0.944522874	127450	0.708858929
Utg635324	179214	23.89793282	22	38.79	0.959167863	120865	0.674417177
Utg637830	178151	178.9819355	184	40.74	0.996618169	92051	0.516702123
Utg637234	177771	60.49932157	43	44.87	0.663278183	91807	0.516434064
Utg637264	177517	17.51666667	14	44.09	0.772074641	87272	0.491626154
Utg637832	175878	18.20995334	9	44.09	0.42532691	86180	0.489998749
Utg636682	175628	35.07786885	34	44.05	0.99572334	104288	0.593800533
Utg638372	175273	54.95780591	17	44.22	0.267715675	90540	0.516565586
Utg638458	175176	31.02159244	15	44.65	0.286024578	94329	0.538481299
Utg636928	173923	201.1620029	59	42.67	0.826983511	99493	0.572052
Utg637422	173198	21.56202144	9	44.17	0.238614536	85445	0.493337106
Utg636976	173094	34.93639053	28	44.22	0.795793951	81391	0.470212717
Utg636240	170326	24.2917232	14	44.01	0.469505178	84763	0.497651562
Utg636672	170196	9.637770898	5	44.08	0.39028682	85047	0.499700345
Utg636758	170164	110.8869048	76	41.6	0.942505715	101052	0.593850638
Utg637326	169696	37.40819209	6	43.89	0.753740915	88038	0.518798322
Utg635604	169614	47.53125	50	40.89	0.96352832	106189	0.626062707
Utg635538	169065	45.71870605	46	38.83	0.969444548	102868	0.60845237
Utg637828	168825	31.4254062	21	44.36	0.402717642	88027	0.521409744
Utg635378	168717	27.89280677	28	38.69	0.990367823	119422	0.707824345
Utg636328	168046	47.47922438	52	35.59	0.991519094	108068	0.643085822
Utg637022	164156	25.31384615	17	44.02	0.765451754	80142	0.48820634
Utg636028	163880	43.04927536	45	40.68	0.978956621	84048	0.512863071
Utg638590	163734	14.45365169	7	44.17	0.355151515	81334	0.49674472
Utg635728	162796	25.29258242	26	38.21	0.966958676	131757	0.809338067
Utg637286	162679	14.87140115	8	44	0.495627842	79622	0.489442399
Utg636942	162408	37.25867052	29	40.42	0.96005667	107129	0.659628836
Utg636020	161245	60.7518797	54	38.61	0.979266622	105272	0.652869856
Utg635566	161182	11.15142857	10	44.11	0.246726396	80208	0.497623804
Utg636106	160895	19.23044097	19	38.95	0.970095935	121117	0.75277044
Utg635472	159251	5.127192982	4	44.17	0.884295961	75000	0.470954656
Utg636068	159162	45.19554849	48	37.02	0.979684831	99044	0.622284214
Utg636490	158837	24.29411765	24	38.97	0.988674451	91127	0.573713933
Utg637622	158445	14.75598802	10	44.17	0.816853592	78665	0.496481429
Utg637404	158424	20.54002911	22	37.16	0.959429384	123251	0.777981871
Utg636932	157762	48.52289513	52	37.63	0.985634658	86799	0.550189526
Utg638104	157716	82.33687405	46	44.18	0.407163459	75213	0.476888838
Utg635402	157464	27.15933232	27	37.85	0.960048718	118772	0.754280343
Utg637936	156796	11.0997921	5	44.11	0.44754042	77412	0.493711574
Utg638220	156264	31.5945122	29	38.78	0.976235804	105910	0.677763272
Utg636686	156109	51.17829457	51	38.99	0.976762921	113424	0.726569256
Utg636580	154880	24.034375	25	36.6	0.977970623	113638	0.733716426
Utg638200	154867	24.2	19	51.49	0.805991041	64084	0.413800229
Utg638356	154626	65.9023569	52	46.03	0.905883774	72313	0.467663912
Utg635276	153877	12.03282828	11	44.19	0.303067112	75613	0.491385977
Utg637446	153567	23.68301226	14	44.13	0.352698764	77525	0.504828511
Utg637330	152189	67.5661882	20	53.78	0.746818124	30592	0.201013214
Utg636192	151607	4.385650224	3	44.04	0.283351312	75992	0.501243346
Utg637508	151208	38.68837209	13	44.07	0.729034663	71522	0.473004074
Utg636458	151031	24.1102107	25	38.3	0.957277177	125045	0.827942608
Utg637350	150783	13.86666667	9	45.1	0.309024658	71085	0.471439088
Utg636692	150283	6.539215686	6	44.02	0.756970185	76822	0.511182236
Utg636704	150010	40.0543131	44	35.94	0.97726681	101742	0.678234784
Utg636958	149761	7.603448276	4	44.08	0.456551964	77827	0.519674682
Utg638206	149713	9.799591002	5	44.27	0.347230399	76641	0.511919473
Utg636720	149407	22.61049285	23	36.07	0.948347777	109493	0.732850536
Utg635432	149094	29.56586826	29	48.33	0.994171654	64062	0.429675238
Utg635936	148021	20.54308617	6	44.11	0.416155788	73979	0.499787192
Utg638046	146887	8.14507772	7	44.22	0.75006475	75606	0.514722201
Utg637012	146560	17.91433278	7	43.96	0.797055171	77952	0.531877729
Utg638178	145375	31.52250804	23	44.6	0.468317677	73354	0.504584695
Utg637520	145287	10.1416122	10	44.16	0.831529508	74019	0.509467468
Utg636250	143759	20.38257576	20	46.15	0.359291766	69445	0.483065408
Utg637118	143346	58.90172414	53	45.61	0.992079613	59332	0.413907608
Utg637664	143039	222.1995754	57	51.39	0.729908387	57271	0.400387307
Utg638232	141787	6.910179641	3	44.16	0.401281171	68098	0.480283806
Utg637258	141780	8.272727273	5	44.07	0.819714585	72194	0.509197348
Utg636822	141766	75.00170068	32	44.21	0.184867532	71346	0.503265945
Utg636476	140075	23.33629893	24	39.14	0.990436125	94774	0.676594681
Utg636180	140038	24.6010101	24	39.05	0.976662296	111684	0.797526386
Utg636646	139329	18.94240838	7	44.12	0.39732585	65176	0.467784883
Utg635126	138294	17.18206522	5	44.5	0.770545239	68113	0.492523175
Utg637684	138081	8.504708098	2	44.31	0.593490083	69340	0.502169017
Utg635420	137600	24.13095238	24	39.93	0.975299037	104949	0.762710756
Utg637066	137229	6.76056338	5	44.06	0.448636533	67364	0.490887495
Utg636362	136586	93.05719237	29	44.01	0.741374614	64941	0.475458685
Utg636420	136022	7.421052632	4	44.13	0.776275652	67049	0.492927615
Utg634618	135395	6.407079646	5	44.14	0.856502242	69111	0.510439824
Utg637584	134651	13.53451327	9	44.07	0.774004611	66168	0.491403703
Utg635564	133867	17.68786127	10	44.25	0.198689011	71103	0.531146586
Utg636542	133341	34.81364829	32	44.13	0.416042099	66176	0.496291463
Utg637752	133240	127.5991189	40	50.9	0.616980137	50853	0.381664665
Utg636276	132568	77.55668016	52	40.86	0.992666956	73182	0.552033673
Utg635282	131542	11.8597561	8	44.29	0.757219251	69733	0.530119658
Utg638124	131155	30.54581673	28	44.14	0.793083607	65787	0.501597347
Utg636246	130669	1.71875	1	44.04	0.162327095	64296	0.492052438
Utg637728	129680	42.53027523	29	44.61	0.592707176	71850	0.554056138
Utg636494	129351	22.77319588	18	46.84	0.385041551	59747	0.461898246
Utg635502	127937	25.66361974	25	37.01	0.95781572	81579	0.637649781
Utg637226	127468	38.04989154	13	44.33	0.354483353	66599	0.522476229
Utg637900	126921	156.2582418	26	44.26	0.764632052	66489	0.5238613
Utg637144	126655	12.18766067	6	44.14	0.125341973	64130	0.50633611
Utg638286	125951	4.747104247	4	44.32	0.206951552	61016	0.484442363
Utg637238	123837	15.98713235	16	44.05	0.623230844	61387	0.495708068
Utg636722	123723	7.162561576	5	44.08	0.454261752	60921	0.492398341
Utg636796	122985	113.182	100	44.34	0.380118787	61131	0.497060617
Utg635700	122933	17.74449339	6	44.18	0.162142035	62589	0.50913099
Utg637570	121691	9.21659919	5	44.09	0.812692462	61768	0.507580676
Utg636258	121589	183.5049116	109	44.23	0.316253044	58524	0.481326436
Utg636792	121570	92.6416185	104	49.29	0.986328141	60246	0.49556634
Utg636390	121569	22.72857143	20	44.03	0.444002274	57244	0.470876622
Utg637408	121276	7.725446429	3	44.16	0.637639553	65605	0.540956166
Utg636474	121204	29.04397706	19	44.22	0.761832061	61819	0.510040923
Utg636298	121025	37.77354709	43	40.89	0.934958308	73214	0.604949391
Utg636666	121010	196.9501916	99.5	44.28	0.485606313	64097	0.529683497
Utg635940	120854	16.8028169	13	44.18	0.210841098	60973	0.504517848
Utg635932	120408	54.84196185	6	44.17	0.247244722	58654	0.487127101
Utg638064	120237	11.80327869	10	44.33	0.18616145	60720	0.50500262
Utg636652	119920	43.70120482	17	49.81	0.484390735	47872	0.399199466
Utg637078	118796	22.14435146	23	40.85	0.933675145	71810	0.604481632
Utg636136	118711	33.24505929	25	37.66	0.982959186	93469	0.787365956
Utg636034	117973	51.38429752	51	39.48	0.9797487	74449	0.631068126
Utg638902	115096	2.551515152	2	44.09	0.299677135	58291	0.506455481
Utg638578	112620	45.92703863	40	44.3	0.73725096	56159	0.498659208
Utg636968	112399	2.514492754	2	44.02	0.467391304	54466	0.484577265
Utg636914	111776	51.35087719	49	39.8	0.986382793	65773	0.5884358
Utg635388	111130	10.53864734	4	44.2	0.867444228	54524	0.490632592
Utg636360	111014	19.37017995	7	48.57	0.456651408	51116	0.46044643
Utg636280	110957	23.24435318	23	38.88	0.952157417	83426	0.751876853
Utg635416	109233	10.87767584	4	44.16	0.354150758	55111	0.50452702
Utg636752	109046	10.20916905	4	44.04	0.426919721	53124	0.487170552
Utg637792	108779	79.08686441	58.5	40.06	0.981091094	61295	0.563481922
Utg636282	107391	43.04157549	47	45.74	0.892863499	50801	0.47304709
Utg637864	105750	145.25	127	35.57	0.995596767	60828	0.575205674
Utg638238	105485	10.35679612	5	44.06	0.403833866	53104	0.503427028
Utg636888	105351	47.88179669	23	44.14	0.332792866	52188	0.495372612
Utg638682	105198	15.03881279	13	45.57	0.541596355	47629	0.452755756
Utg637616	105024	46.19026549	48	37.04	0.986942066	63172	0.601500609
Utg636908	104331	31.13333333	22	47.49	0.711772467	44891	0.430274798
Utg635084	103465	87.73350254	52	47.02	0.92836072	40309	0.389590683
Utg636760	103395	45.63072776	53	36.79	0.990043328	74393	0.719502877
Utg636042	102963	12.09975669	10	44.36	0.110358326	50626	0.49169119
Utg636036	102577	41.98423423	45	38.07	0.985357519	60196	0.586837205
Utg636864	102406	21.62895928	21	36.88	0.960524414	72334	0.706345331
Utg636452	101883	12.97859327	10	43.97	0.27660152	52529	0.515581599
Utg637726	101010	7.057894737	6	44.12	0.424397526	50514	0.5000891
Utg637398	100628	31.81113801	26	44.2	0.415007736	49825	0.495140518
Utg635788	100557	13.75706215	11	44.35	0.225733182	49199	0.489264795
Utg637786	100069	19.3373494	20	34.44	0.993343538	53544	0.535070801
Utg636080	99108	16.82242991	19	43.99	0.472762357	48580	0.490172337
Utg636526	98999	31.93564356	18	44.01	0.55290007	48863	0.493570642
Utg637218	98804	16.3276699	17	40.34	0.991946103	68573	0.694030606
Utg637222	97410	38.02233251	44	41.78	0.995344228	64164	0.658700339
Utg636562	97132	7.994750656	3	45.86	0.684446254	44542	0.45857184
Utg634884	96660	10.6137931	5	44.09	0.434337349	48355	0.500258639
Utg636994	96572	70.984	56	43.31	0.900716019	41471	0.429430891
Utg637138	96306	18.57701711	17	43.71	0.692267081	49751	0.516592943
Utg637194	95639	10.54775281	6.5	44.15	0.465788949	47672	0.498457742
Utg635738	95226	21.7038961	24	38.4	0.982868163	70733	0.742790834
Utg634834	95036	142.75	57.5	47.67	0.921443919	41608	0.437813039
Utg638678	94472	15.75078864	14	44.15	0.17617866	47656	0.504445762
Utg637590	94347	6.13559322	4	44.09	0.320801233	48182	0.510689264
Utg636370	94138	14.7146402	10	44.29	0.227283331	47098	0.500308058
Utg637472	93972	50.10714286	54	38.94	0.995370072	51941	0.552728472
Utg636060	93306	119.202934	91	40.61	0.969597927	47788	0.512164277
Utg635842	93284	26.83792049	10	44.18	0.820190506	47353	0.507621886
Utg635736	92335	6.068571429	4	44.12	0.428719651	46633	0.505041425
Utg636658	91567	71.24734043	49	44.45	0.943474659	47300	0.516561643
Utg635336	90403	1.368421053	1	44.08	0.501757675	44115	0.487981594
Utg637756	87934	5.607142857	4	62.31	0.883478682	20245	0.23022949
Utg636956	85568	11.36721311	5	44.16	0.796594134	43313	0.506182218
Utg637436	85523	43.65555556	44	36.7	0.98263694	73875	0.86380272
Utg636626	84177	34.45205479	11.5	44.15	0.269605037	38940	0.462596671
Utg637996	84125	38.73816156	33	44.53	0.994742893	50090	0.595423477
Utg635606	83758	37.33333333	44	37.46	0.988775991	52786	0.630220397
Utg635358	82322	7.169565217	1	62.7	0.89810597	15587	0.189341853
Utg635894	81806	26.6996997	24	43.77	0.483789077	41732	0.510133731
Utg638156	81267	63.2972973	64	43.21	0.997305582	41214	0.507143121
Utg635902	78730	14.24776119	7	44.12	0.408137478	39299	0.499161692
Utg635764	78657	57.50986842	57	35.46	0.84144085	50492	0.641926338
Utg636862	78071	91.42274052	85	45.44	0.792744479	39726	0.508844513
Utg635946	77307	43.67845659	43	40.79	0.442697914	31683	0.409833521
Utg636548	77195	21.59248555	23	42.34	0.997242599	43560	0.564285252
Utg635772	77186	74.6746988	64	43.57	0.992475398	27782	0.35993574
Utg637512	77035	13.79807692	10	44.38	0.764140697	41344	0.536691114
Utg637244	76344	2.316091954	2	44.08	0.327256689	36879	0.483063502
Utg635868	75916	49.37248322	52.5	52.58	0.510560634	20601	0.27136572
Utg634888	75739	56.76282051	50	40.88	0.986211989	52770	0.696734839
Utg636922	74696	1109.969388	56	41.69	0.931307928	26189	0.350607797
Utg637604	74654	7.128617363	3	44.07	0.405154639	37688	0.504835642
Utg637762	74057	73.10724638	56	43.92	0.983741516	38623	0.521530713
Utg637842	73927	90.05921053	36	62.37	0.858357924	17113	0.231485114
Utg637368	73626	8.456716418	7	44.05	0.419978518	36683	0.498234319
Utg637574	72697	10.00928793	9	44.12	0.269491986	36169	0.497530847
Utg638676	72381	4.455357143	2.5	44.11	0.409831461	35139	0.485472707
Utg637820	71325	12.60443038	11	44.19	0.811430438	36052	0.505460918
Utg635800	70217	45.82059801	28	37.86	0.924386878	49801	0.7092442
Utg637390	69749	6.893939394	2.5	44.13	0.454830287	33377	0.478530158
Utg636088	69469	9.930232558	7	44.05	0.333726763	33848	0.487238912
Utg636882	68156	4.131578947	3	44.03	0.313740172	33616	0.493221433
Utg635586	68055	49.69485294	50	35.91	0.995448769	38088	0.559664977
Utg636044	67438	31.23574144	30	42.31	0.989015778	37605	0.557623298
Utg636618	67155	12.18471338	10	44.11	0.170984456	33443	0.497997171
Utg636566	67074	30.66666667	36	38.03	0.995712208	46066	0.686793691
Utg637486	66311	49.08896797	51	40.93	0.986042806	38119	0.574851835
Utg636032	64624	284.7943548	24	41.37	0.920958018	42188	0.652822481
Utg636064	62994	3.54494382	4	44.1	0.142614601	31922	0.506746674
Utg638424	62731	21.45925926	22	35.33	0.989013652	51583	0.822288821
Utg635978	62454	14.02247191	17	44.08	0.635904831	32246	0.516316009
Utg636456	60363	37.35564854	44	38.41	0.990562711	35500	0.58810861
Utg635236	59832	18.48728814	17.5	52.28	0.823444144	18428	0.307995721
Utg635750	58308	14.93723849	6	44.41	0.144251369	28427	0.487531728
Utg635552	57543	20.21343874	22	38.09	0.971284635	43684	0.759154024
Utg636440	56554	24.79215686	24	39.53	0.998546975	33977	0.600788627
Utg636152	56014	190.3991597	56	40.47	0.854761038	32184	0.574570643
Utg638294	54710	35.91119691	41	37.28	0.978995997	32022	0.585304332
Utg638748	51811	42.98514851	46	40.39	0.996137272	30393	0.586612881
Utg637704	50797	22.73626374	15	43.95	0.453531599	26178	0.515345394
Utg635022	49089	25.5814978	26	39.78	0.976332351	32914	0.670496445
Utg637316	48780	27.1	10	62.51	0.79675425	11546	0.236695367
Utg636880	45065	22.23626374	23	39.22	0.995024765	33942	0.753178742
Utg636522	43571	26.56382979	24	38.2	0.937114673	31948	0.733239999
Utg636100	40175	15.97368421	10	43.97	0.521186441	21676	0.539539515
Utg637296	34793	44.04137931	47	39.17	0.989418299	12607	0.362343
Utg636086	24985	33.67708333	39	36.43	0.998553752	18804	0.752611567