time      UID       PID  minflt.s  majflt.s     VSZ     RSS   MEM  Command
15:36:26     1002    580094  13442.90      0.00 9154284 9009156   3.42  raven
15:38:26     1002    580094  16668.96      0.00 17137076 16977328   6.44  raven
15:40:26     1002    580094  76303.99      0.00 55862224 53597284  20.33  raven
15:42:26     1002    580094  93092.59      0.00 73179620 71274748  27.04  raven
15:44:26     1002    580094 157910.98      0.00 87786244 85894692  32.58  raven
15:46:26     1002    580094  63877.58      0.00 88102408 87163392  33.06  raven
15:48:26     1002    580094 185865.31      0.00 86888624 86475676  32.80  raven
15:50:26     1002    580094  90506.89      0.00 86888624 86607900  32.85  raven
15:52:26     1002    580094 163595.48      0.00 89024792 88289936  33.49  raven
15:54:26     1002    580094 187459.10      0.00 88833588 88101916  33.42  raven
15:56:26     1002    580094  51252.40      0.00 87174468 86646448  32.87  raven
15:58:26     1002    580094 200250.50      0.00 87338316 86906912  32.97  raven
16:00:26     1002    580094 168290.29      0.00 87207240 86856036  32.95  raven
16:02:26     1002    580094 118851.14      0.00 87829828 86986848  33.00  raven
16:04:26     1002    580094 154359.97      0.00 88997484 88120024  33.43  raven
16:06:26     1002    580094 193454.80      0.00 87824064 87378836  33.14  raven
16:08:26     1002    580094 186199.41      0.00 87889604 87568868  33.22  raven
16:10:26     1002    580094  84185.09      0.00 91928356 90614772  34.37  raven
16:12:26     1002    580094 166811.06      0.00 88515812 88170908  33.44  raven
16:14:26     1002    580094 183106.84      0.00 88585228 88267512  33.48  raven
16:16:26     1002    580094 195907.76      0.00 88730540 88368744  33.52  raven
16:18:26     1002    580094 178899.95      0.00 87889600 87705432  33.27  raven
16:20:26     1002    580094 103294.00      0.00 93369852 91786896  34.82  raven
16:22:26     1002    580094 196357.81      0.00 93946912 92261172  35.00  raven
16:24:26     1002    580094 172183.77      0.00 93960244 92501516  35.09  raven
16:26:26     1002    580094 174289.24      0.00 94012448 92613292  35.13  raven
16:28:26     1002    580094 170169.71      0.00 93750300 92515168  35.09  raven
16:30:26     1002    580094  68134.03      0.00 89621692 89103628  33.80  raven
16:32:26     1002    580094 187483.80      0.00 90453992 89829268  34.07  raven
16:34:26     1002    580094 176915.80      0.00 89714928 89254876  33.86  raven
16:36:26     1002    580094 171770.90      0.00 89921136 89472100  33.94  raven
16:38:26     1002    580094 171458.34      0.00 89921136 89630052  34.00  raven
16:40:26     1002    580094  87204.52      0.00 89921136 89737016  34.04  raven
16:42:26     1002    580094 139860.73      0.00 91756172 90995848  34.52  raven
16:44:26     1002    580094 172095.89      0.00 89921136 89770364  34.05  raven
16:46:26     1002    580094 178073.27      0.00 92240260 91582348  34.74  raven
16:48:26     1002    580094 194550.02      0.00 91444888 90578008  34.36  raven
16:50:26     1002    580094 165433.74      0.00 92018308 91248244  34.61  raven
16:52:26     1002    580094  93853.15      0.00 90969712 90712360  34.41  raven
16:54:26     1002    580094 121656.22      0.00 91362936 91049712  34.54  raven
16:56:26     1002    580094 187575.90      0.00 91454820 91259924  34.62  raven
16:58:26     1002    580094 171444.29      0.00 91362936 91031420  34.53  raven
17:00:26     1002    580094 189926.42      0.00 92324852 91760244  34.81  raven
17:02:26     1002    580094 172807.52      0.00 92738224 92134412  34.95  raven
17:04:26     1002    580094 152946.11      0.00 92018288 91717788  34.79  raven
17:06:26     1002    580094  50514.00      0.00 92680428 92178776  34.97  raven
17:08:26     1002    580094 193808.08      0.00 92018288 91850896  34.84  raven
17:10:26     1002    580094 172691.22      0.00 93627080 92790188  35.20  raven
17:12:26     1002    580094 180679.14      0.00 92345972 92077748  34.93  raven
17:14:26     1002    580094 198670.33      0.00 93633000 92934636  35.25  raven
17:16:26     1002    580094 173550.59      0.00 93727764 93245380  35.37  raven
17:18:26     1002    580094 161546.46      0.00 93591160 93214984  35.36  raven
17:20:26     1002    580094  72856.28      0.00 98758476 97233748  36.88  raven
17:22:26     1002    580094 152528.45      0.00 93787776 93393820  35.43  raven
17:24:26     1002    580094 168593.50      0.00 94019492 93560640  35.49  raven
17:26:26     1002    580094 172850.08      0.00 93918024 93499900  35.47  raven
17:28:26     1002    580094 186106.27      0.00 94077280 93617692  35.51  raven
17:30:26     1002    580094 165395.27      0.00 94180980 93588924  35.50  raven
17:32:26     1002    580094 156802.12      0.00 96304528 95094764  36.07  raven
17:34:26     1002    580094 156443.98      0.00 94586624 94259840  35.75  raven
17:36:26     1002    580094  56746.46      0.00 94312052 94021204  35.66  raven
17:38:26     1002    580094 178395.48      0.00 95353424 94764308  35.95  raven
17:40:26     1002    580094 157623.55      0.00 94180976 93979284  35.65  raven
17:42:26     1002    580094 166685.42      0.00 95248660 94730760  35.93  raven
17:44:26     1002    580094 175021.78      0.00 95184912 94792132  35.96  raven
17:46:26     1002    580094 157321.00      0.00 95098484 94525428  35.86  raven
17:48:26     1002    580094 152779.14      0.00 95547036 95010584  36.04  raven
17:50:26     1002    580094 158532.12      0.00 95393404 94915080  36.00  raven
17:52:26     1002    580094  53808.37      0.00 100775204 99155596  37.61  raven
17:54:26     1002    580094 159280.38      0.00 95670120 95284548  36.14  raven
17:56:26     1002    580094 163177.01      0.00 95622776 95211068  36.12  raven
17:58:26     1002    580094 176541.82      0.00 96126516 95720212  36.31  raven
18:00:26     1002    580094 180701.31      0.00 95229552 95049216  36.05  raven
18:02:26     1002    580094 156815.79      0.00 95426160 95152984  36.09  raven
18:04:26     1002    580094 156781.23      0.00 96081528 95464752  36.21  raven
18:06:26     1002    580094 166911.29      0.00 95753840 95427596  36.20  raven
18:08:26     1002    580094 122103.85      0.00 96081520 95652068  36.28  raven
18:10:26     1002    580094  54691.27      0.00 98714764 98055400  37.19  raven
18:12:26     1002    580094 189100.58      0.00 99494920 98689892  37.44  raven
18:14:26     1002    580094 171392.24      0.00 98251332 97834612  37.11  raven
18:16:26     1002    580094 170420.32      0.00 98906700 98280704  37.28  raven
18:18:26     1002    580094 180076.62      0.00 98502256 98175932  37.24  raven
18:20:26     1002    580094 163368.30      0.00 98579016 98252728  37.27  raven
18:22:26     1002    580094 163730.58      0.00 98844240 98474472  37.35  raven
18:24:26     1002    580094 171076.07      0.00 98992560 98505272  37.37  raven
18:26:26     1002    580094 124565.42      0.00 99607696 98946592  37.53  raven
18:28:26     1002    580094  83103.03      0.00 99409236 98098720  37.21  raven
18:30:26     1002    580094 142347.70      0.00 97134508 96657904  36.66  raven
18:32:26     1002    580094 161648.43      0.00 97654404 96960420  36.78  raven
18:34:26     1002    580094 180277.83      0.00 98370452 97723776  37.07  raven
18:36:26     1002    580094 177141.88      0.00 98460380 97727548  37.07  raven
18:38:26     1002    580094 163458.02      0.00 97591132 97158688  36.85  raven
18:40:26     1002    580094 163055.67      0.00 98409416 97649796  37.04  raven
18:42:26     1002    580094 156250.33      0.00 98197496 97845228  37.11  raven
18:44:26     1002    580094 133652.41      0.00 97261168 97053764  36.81  raven
18:46:26     1002    580094 154452.83      0.00 98229104 97880108  37.13  raven
18:48:26     1002    580094  44119.25      0.00 102782064 101311440  38.43  raven
18:50:26     1002    580094 185450.96      0.00 97577624 97360320  36.93  raven
18:52:26     1002    580094 164024.41      0.00 97326704 97127004  36.84  raven
18:54:26     1002    580094 182150.51      0.00 97556088 97247164  36.89  raven
18:56:26     1002    580094 189587.73      0.00 98449492 97945536  37.15  raven
18:58:26     1002    580094 165511.21      0.00 98155848 97761212  37.08  raven
19:00:26     1002    580094 159391.00      0.00 97982064 97601156  37.02  raven
19:02:26     1002    580094 174394.44      0.00 98571896 98069548  37.20  raven
19:04:26     1002    580094 123169.92      0.00 99399620 98720128  37.45  raven
19:06:26     1002    580094 159173.36      0.00 98506356 98125908  37.22  raven
19:08:26     1002    580094  97031.56      0.00 98309744 97955700  37.16  raven
19:10:26     1002    580094 113401.09      0.00 98533088 98182500  37.24  raven
19:12:26     1002    580094 187390.19      0.00 98309744 98032984  37.19  raven
19:14:26     1002    580094 166789.19      0.00 99096184 98376016  37.32  raven
19:16:26     1002    580094 186105.97      0.00 99304504 98921184  37.52  raven
19:18:26     1002    580094 165723.99      0.00 98473592 98156324  37.23  raven
19:20:26     1002    580094 163262.56      0.00 98506352 98225884  37.26  raven
19:22:26     1002    580094 178244.92      0.00 99301992 98742584  37.46  raven
19:24:26     1002    580094 150417.48      0.00 98702960 98407824  37.33  raven
19:26:26     1002    580094 150849.46      0.00 100571428 99825492  37.87  raven
19:28:26     1002    580094 134895.32      0.00 100407744 99598404  37.78  raven
19:30:26     1002    580094  90044.79      0.00 99096176 98637860  37.42  raven
19:32:26     1002    580094 116117.38      0.00 99800304 99260096  37.65  raven
19:34:26     1002    580094 177358.72      0.00 99227252 98889988  37.51  raven
19:36:26     1002    580094 164866.29      0.00 100557464 99804492  37.86  raven
19:38:26     1002    580094 179831.86      0.00 99862560 99177192  37.62  raven
19:40:26     1002    580094 160527.58      0.00 99358324 99022764  37.56  raven
19:42:26     1002    580094 157362.71      0.00 100362924 99801808  37.86  raven
19:44:26     1002    580094 156172.12      0.00 99358320 99086864  37.59  raven
19:46:26     1002    580094 146633.81      0.00 99489392 99168432  37.62  raven
19:48:26     1002    580094 145676.89      0.00 99489392 99227628  37.64  raven
19:50:26     1002    580094 139775.26      0.00 100275832 99759976  37.84  raven
19:52:26     1002    580094 132299.27      0.00 99489392 99251972  37.65  raven
19:54:26     1002    580094  49630.62      0.00 99882612 99473880  37.73  raven
19:56:26     1002    580094 171597.36      0.00 99866904 99545648  37.76  raven
19:58:26     1002    580094 156629.20      0.00 100154368 99594864  37.78  raven
20:00:26     1002    580094 158233.00      0.00 99896684 99555316  37.76  raven
20:02:26     1002    580094 163800.21      0.00 100337128 99899788  37.89  raven
20:04:26     1002    580094 151010.92      0.00 99817072 99535056  37.76  raven
20:06:26     1002    580094 150247.14      0.00 100243068 99852876  37.88  raven
20:08:26     1002    580094 142764.89      0.00 100768980 100283988  38.04  raven
20:10:26     1002    580094 128068.42      0.00 100512044 100175200  38.00  raven
20:12:26     1002    580094 128657.08      0.00 100560464 100145568  37.99  raven
20:14:26     1002    580094 122783.75      0.00 100441204 100120400  37.98  raven
20:16:26     1002    580094  65356.62      0.00 100210288 99924152  37.90  raven
20:18:26     1002    580094      0.06      0.00 99195952 98620284  37.41  raven
20:20:26     1002    580094      0.00      0.00 99195952 98620284  37.41  raven
20:22:26     1002    580094     94.45      0.00 99195952 98620284  37.41  raven
20:24:26     1002    580094     96.17      0.00 99195952 98620284  37.41  raven
20:26:26     1002    580094      0.00      0.00 99195952 98620284  37.41  raven
20:28:26     1002    580094      0.00      0.00 99195952 98620284  37.41  raven
20:30:26     1002    580094      0.00      0.00 99195952 98620284  37.41  raven
20:32:26     1002    580094     88.67      0.00 99195952 98620284  37.41  raven
20:34:26     1002    580094      0.00      0.00 99195952 98620284  37.41  raven
20:36:26     1002    580094    419.84      0.00 99195952 98620284  37.41  raven
20:38:26     1002    580094      0.00      0.00 99195952 98620284  37.41  raven
20:40:26     1002    580094    419.29      0.00 99195952 98620284  37.41  raven
20:42:26     1002    580094     75.53      0.00 99195952 98620284  37.41  raven
20:44:26     1002    580094    417.96      0.00 99195952 98620284  37.41  raven
20:46:26     1002    580094    416.93      0.00 99195952 98620284  37.41  raven
20:48:26     1002    580094    104.99      0.00 99195952 98620284  37.41  raven
20:50:26     1002    580094      0.00      0.00 99195952 98620284  37.41  raven
20:52:26     1002    580094      0.00      0.00 99195952 98620284  37.41  raven
20:54:26     1002    580094      0.02      0.01 94198832 93623164  35.51  raven
20:56:26     1002    580094      0.00      0.00 94198832 93623164  35.51  raven
20:58:26     1002    580094      0.00      0.00 94198832 93623164  35.51  raven
21:00:26     1002    580094      0.00      0.00 94198832 93623164  35.51  raven
21:02:26     1002    580094      0.00      0.00 94198832 93623164  35.51  raven
21:04:26     1002    580094      0.00      0.00 94198832 93623164  35.51  raven
21:06:26     1002    580094      0.00      0.00 94198832 93623164  35.51  raven
21:08:26     1002    580094      0.01      0.00 94198832 93623164  35.51  raven
21:10:26     1002    580094      0.00      0.00 94198832 93623164  35.51  raven
21:12:26     1002    580094      0.00      0.00 94198832 93623164  35.51  raven
21:14:26     1002    580094      0.00      0.00 94198832 93623164  35.51  raven
21:16:26     1002    580094      0.00      0.00 94198832 93623164  35.51  raven
21:18:26     1002    580094      0.00      0.00 94198832 93623164  35.51  raven
21:20:26     1002    580094      0.00      0.00 94198832 93623164  35.51  raven
21:22:26     1002    580094      0.00      0.00 94198832 93623164  35.51  raven
21:24:26     1002    580094      0.00      0.00 94198832 93623164  35.51  raven
21:26:26     1002    580094  20148.92      0.00 94198832 93621512  35.51  raven
21:28:26     1002    580094  10508.44      0.00 87907376 87563156  33.21  raven
21:30:26     1002    580094      0.00      0.00 87907376 87563156  33.21  raven
21:32:26     1002    580094      0.00      0.00 87907376 87563156  33.21  raven
21:34:26     1002    580094      0.00      0.00 87907376 87563156  33.21  raven
21:36:26     1002    580094      0.00      0.00 87907376 87563156  33.21  raven
21:38:26     1002    580094    729.39      0.00 87907376 87563372  33.21  raven
21:40:26     1002    580094      0.00      0.00 87907376 87563372  33.21  raven
21:42:26     1002    580094      0.00      0.00 87907376 87563372  33.21  raven
21:44:26     1002    580094     89.70      0.00 87907376 87563580  33.21  raven
21:46:26     1002    580094      0.00      0.00 87907376 87563580  33.21  raven
21:48:26     1002    580094    459.46      0.00 87907376 87563752  33.21  raven
21:50:26     1002    580094    135.20      0.00 87907376 87563864  33.21  raven
21:52:26     1002    580094      0.00      0.00 87907376 87563864  33.21  raven
21:54:26     1002    580094      0.00      0.00 87907376 87563864  33.21  raven
21:56:26     1002    580094     77.71      0.00 87907376 87564096  33.21  raven
21:58:26     1002    580094      0.00      0.00 87907376 87564096  33.21  raven
22:00:26     1002    580094      0.00      0.00 87907376 87564096  33.21  raven
22:02:26     1002    580094      0.00      0.00 87907376 87564096  33.21  raven
22:04:26     1002    580094    746.02      0.00 88235068 87745684  33.28  raven
22:06:26     1002    580094   4868.48      0.00 87907376 87562856  33.21  raven
22:08:26     1002    580094      0.00      0.00 87907376 87562856  33.21  raven
22:10:26     1002    580094      0.00      0.00 87907376 87562856  33.21  raven
22:12:26     1002    580094      0.00      0.00 87907376 87562856  33.21  raven
22:14:26     1002    580094    536.99      0.00 87907376 87562928  33.21  raven
22:16:26     1002    580094      0.00      0.00 87907376 87562928  33.21  raven
22:18:26     1002    580094      0.00      0.00 87907376 87562928  33.21  raven
22:20:26     1002    580094     89.40      0.00 87907376 87563064  33.21  raven
22:22:26     1002    580094      0.00      0.00 87907376 87563064  33.21  raven
22:24:26     1002    580094    457.96      0.00 87907376 87563172  33.21  raven
22:26:26     1002    580094    135.05      0.00 87907376 87563432  33.21  raven
22:28:26     1002    580094      0.00      0.00 87907376 87563432  33.21  raven
22:30:26     1002    580094      0.00      0.00 87907376 87563432  33.21  raven
22:32:26     1002    580094     77.66      0.00 87907376 87563560  33.21  raven
22:34:26     1002    580094      0.00      0.00 87907376 87563560  33.21  raven
22:36:26     1002    580094      0.00      0.00 87907376 87563560  33.21  raven
22:38:26     1002    580094      0.00      0.00 87907376 87563560  33.21  raven
22:40:26     1002    580094     75.15      0.00 87907376 87563656  33.21  raven
22:42:26     1002    580094      0.00      0.00 87907376 87563656  33.21  raven
22:44:26     1002    580094      0.00      0.00 87907376 87563656  33.21  raven
22:46:26     1002    580094      0.00      0.00 87907376 87563656  33.21  raven
22:48:26     1002    580094      0.00      0.00 87907376 87563656  33.21  raven
22:50:26     1002    580094      0.00      0.00 87907376 87563656  33.21  raven
22:52:26     1002    580094      0.00      0.00 87907376 87563656  33.21  raven
22:54:26     1002    580094      0.00      0.00 87907376 87563656  33.21  raven
22:56:26     1002    580094      0.00      0.00 87907376 87563656  33.21  raven
22:58:26     1002    580094      0.00      0.00 87907376 87563656  33.21  raven
23:00:26     1002    580094      0.00      0.00 87907376 87563656  33.21  raven
23:02:26     1002    580094      0.00      0.00 87907376 87563656  33.21  raven
23:04:26     1002    580094      0.27      0.00 87907376 87563656  33.21  raven
23:06:26     1002    580094      0.00      0.00 87907376 87563656  33.21  raven
23:08:26     1002    580094      0.00      0.00 87907376 87563656  33.21  raven
23:10:26     1002    580094      0.00      0.00 87907376 87563656  33.21  raven
23:12:26     1002    580094      0.00      0.00 87907376 87563656  33.21  raven
23:14:26     1002    580094      0.00      0.00 87907376 87563656  33.21  raven
23:16:26     1002    580094      0.00      0.00 87907376 87563656  33.21  raven
23:18:26     1002    580094      0.00      0.00 87907376 87563656  33.21  raven
23:20:26     1002    580094      0.00      0.00 87907376 87563656  33.21  raven
23:22:26     1002    580094      0.00      0.00 87907376 87563656  33.21  raven
23:24:26     1002    580094      0.00      0.00 87907376 87563656  33.21  raven
23:26:26     1002    580094    411.66      0.00 88038448 87572664  33.22  raven
23:28:26     1002    580094     47.40      0.00 88038448 87595632  33.23  raven
23:30:26     1002    580094     46.79      0.00 88038448 87618072  33.24  raven
23:32:26     1002    580094     46.64      0.00 88038448 87640248  33.24  raven
23:34:26     1002    580094     46.36      0.00 88038448 87662424  33.25  raven
23:36:26     1002    580094     45.44      0.00 88038448 87684336  33.26  raven
23:38:26     1002    580094   1804.37      0.00 88235056 87711684  33.27  raven
23:40:26     1002    580094     68.79      0.00 88235056 87744684  33.28  raven
23:42:26     1002    580094     69.74      0.00 88235056 87778476  33.30  raven
23:44:26     1002    580094     69.75      0.00 88235056 87811740  33.31  raven
23:46:26     1002    580094     68.47      0.00 88235056 87844476  33.32  raven
23:48:26     1002    580094     68.75      0.00 88235056 87877740  33.33  raven
23:50:26     1002    580094     15.00      0.00 88235056 87884868  33.34  raven
23:52:26     1002    580094    147.62      0.00 88497200 87955556  33.36  raven
23:54:26     1002    580094      0.01      0.00 88497200 87955556  33.36  raven
23:56:26     1002    580094      0.00      0.00 88497200 87955556  33.36  raven
23:58:26     1002    580094      0.00      0.00 88497200 87955556  33.36  raven
00:00:26     1002    580094      0.00      0.00 88497200 87955556  33.36  raven
00:02:26     1002    580094     15.66      0.00 88497200 87963212  33.37  raven
00:04:26     1002    580094    248.70      0.00 88497200 88081220  33.41  raven
00:06:26     1002    580094   1649.97      0.00 88761012 88244620  33.47  raven
00:08:26     1002    580094     17.16      0.00 88761012 88164524  33.44  raven
00:10:26     1002    580094     35.34      0.00 88564404 88159784  33.44  raven
00:12:26     1002    580094      7.09      0.00 88629940 88160044  33.44  raven
00:14:26     1002    580094      0.34      0.00 88564404 88159784  33.44  raven
00:16:26     1002    580094      0.00      0.00 88564404 88159784  33.44  raven
00:18:26     1002    580094      1.92      0.00 88564404 88159784  33.44  raven
00:20:26     1002    580094      0.00      0.00 88564404 88159784  33.44  raven
00:22:26     1002    580094      0.00      0.00 88564404 88159784  33.44  raven
00:24:26     1002    580094      0.00      0.00 88564404 88159784  33.44  raven
00:26:26     1002    580094      0.00      0.00 88564404 88159784  33.44  raven
00:28:26     1002    580094      0.00      0.00 88564404 88159784  33.44  raven
00:30:26     1002    580094      0.00      0.00 88564404 88159784  33.44  raven
00:32:26     1002    580094      0.00      0.00 88564404 88159784  33.44  raven
00:34:26     1002    580094      0.00      0.00 88564404 88159784  33.44  raven
00:36:26     1002    580094      0.00      0.00 88564404 88159784  33.44  raven
00:38:26     1002    580094      0.00      0.00 88564404 88159784  33.44  raven
00:40:26     1002    580094    414.49      0.00 88483880 88139712  33.43  raven
00:42:26     1002    580094      0.00      0.00 88483880 88139712  33.43  raven
00:44:26     1002    580094      0.00      0.00 88483880 88139712  33.43  raven
00:46:26     1002    580094      0.00      0.00 88483880 88139712  33.43  raven
00:48:26     1002    580094      0.00      0.00 88483880 88139712  33.43  raven
00:50:26     1002    580094      0.00      0.00 88483880 88139712  33.43  raven
00:52:26     1002    580094      0.00      0.00 88483880 88139712  33.43  raven
00:54:26     1002    580094      0.00      0.00 88483880 88139712  33.43  raven
00:56:26     1002    580094      0.00      0.00 88483880 88139712  33.43  raven
00:58:26     1002    580094      0.00      0.00 88483880 88139712  33.43  raven
01:00:26     1002    580094     39.45      0.00 88483880 88140216  33.43  raven
01:02:26     1002    580094    124.33      0.00 88483880 88140384  33.43  raven
01:04:26     1002    580094    150.31      0.00 88746024 88184732  33.45  raven
01:06:26     1002    580094    134.06      0.00 88549416 88156004  33.44  raven
01:08:26     1002    580094     52.38      0.00 88483880 88140432  33.43  raven
01:10:26     1002    580094      0.00      0.00 88483880 88140432  33.43  raven
01:12:26     1002    580094      0.00      0.00 88483880 88140432  33.43  raven
01:14:26     1002    580094      0.00      0.00 88483880 88140432  33.43  raven
01:16:26     1002    580094      0.00      0.00 88483880 88140432  33.43  raven
01:18:26     1002    580094      0.00      0.00 88483880 88140432  33.43  raven
01:20:26     1002    580094      0.00      0.00 88483880 88140432  33.43  raven
01:22:26     1002    580094      0.00      0.00 88483880 88140432  33.43  raven
01:24:26     1002    580094      0.00      0.00 88483880 88140432  33.43  raven
01:26:26     1002    580094      0.01      0.00 88483880 88140432  33.43  raven
01:28:26     1002    580094      0.00      0.00 88483880 88140432  33.43  raven
01:30:26     1002    580094      0.00      0.00 88483880 88140432  33.43  raven
01:32:26     1002    580094      0.00      0.00 88483880 88140432  33.43  raven
01:34:26     1002    580094      0.00      0.00 88483880 88140432  33.43  raven
01:36:26     1002    580094      0.00      0.00 88483880 88140432  33.43  raven
01:38:26     1002    580094      0.00      0.00 88483880 88140432  33.43  raven
01:40:26     1002    580094    224.62      0.00 88591696 88248408  33.47  raven
01:42:26     1002    580094      0.00      0.00 88591696 88248408  33.47  raven
01:44:26     1002    580094      0.00      0.00 88591696 88248408  33.47  raven
01:46:26     1002    580094      0.00      0.00 88591696 88248408  33.47  raven
01:48:26     1002    580094      0.00      0.00 88591696 88248408  33.47  raven
01:50:26     1002    580094      0.00      0.00 88591696 88248408  33.47  raven
01:52:26     1002    580094      0.00      0.00 88591696 88248408  33.47  raven
01:54:26     1002    580094      0.00      0.00 88591696 88248408  33.47  raven
01:56:26     1002    580094      0.00      0.00 88591696 88248408  33.47  raven
01:58:26     1002    580094      0.00      0.00 88591696 88248408  33.47  raven
02:00:26     1002    580094      0.00      0.00 88591696 88248408  33.47  raven
02:02:26     1002    580094      0.00      0.00 88591696 88248408  33.47  raven
02:04:26     1002    580094      0.00      0.00 88591696 88248408  33.47  raven
02:06:26     1002    580094     18.26      0.00 88591696 88248408  33.47  raven
02:08:26     1002    580094     27.93      0.00 88591696 88248408  33.47  raven
02:10:26     1002    580094     12.44      0.00 88591696 88248408  33.47  raven
02:12:26     1002    580094      0.00      0.00 88591696 88248408  33.47  raven
02:14:26     1002    580094     23.78      0.00 88657232 88253156  33.48  raven
02:16:26     1002    580094    295.29      0.00 88657232 88251720  33.48  raven
02:18:26     1002    580094    156.20      0.00 88657232 88250664  33.48  raven
02:20:26     1002    580094  11034.08      0.00 88591704 88331464  33.51  raven
02:22:26     1002    580094   2640.82      0.00 88460624 88247692  33.47  raven
02:24:26     1002    580094    143.42      0.00 88460624 88248128  33.47  raven
02:26:26     1002    580094      0.01      0.00 88460624 88248128  33.47  raven
02:28:26     1002    580094      0.05      0.00 88460624 88248128  33.47  raven
02:30:26     1002    580094    566.08      0.00 88460624 88248220  33.47  raven
02:32:26     1002    580094    139.89      0.00 88460624 88248396  33.47  raven
02:34:26     1002    580094      0.07      0.00 88460624 88248396  33.47  raven
02:36:26     1002    580094     35.57      0.00 88460624 88248596  33.47  raven
02:38:26     1002    580094    260.38      0.00 88460624 88248596  33.47  raven
02:40:26     1002    580094     36.27      0.00 88460624 88248596  33.47  raven
02:42:26     1002    580094   1012.47      0.00 88460624 88248748  33.47  raven
02:44:26     1002    580094      0.03      0.00 88460624 88248748  33.47  raven
02:46:26     1002    580094      0.03      0.00 88460624 88248748  33.47  raven
02:48:26     1002    580094    182.62      0.00 88460624 88248748  33.47  raven
02:50:26     1002    580094      0.06      0.00 88460624 88248748  33.47  raven
02:52:26     1002    580094     35.85      0.00 88460624 88248748  33.47  raven
02:54:26     1002    580094     62.52      0.00 88460624 88248748  33.47  raven
02:56:26     1002    580094     47.67      0.00 88460624 88248748  33.47  raven
02:58:26     1002    580094   8497.12      0.00 88460624 88248308  33.47  raven
03:00:26     1002    580094    139.45      0.00 88460624 88248424  33.47  raven
03:02:26     1002    580094     35.48      0.00 88460624 88248484  33.47  raven
03:04:26     1002    580094     37.00      0.00 88460624 88248484  33.47  raven
03:06:26     1002    580094    103.15      0.00 88460624 88248484  33.47  raven
03:08:26     1002    580094    691.07      0.00 88460624 88248484  33.47  raven
03:10:26     1002    580094     77.05      0.00 88460624 88248484  33.47  raven
03:12:26     1002    580094     36.18      0.00 88460624 88248484  33.47  raven
03:14:26     1002    580094    191.31      0.00 88460624 88248608  33.47  raven
03:16:26     1002    580094     36.00      0.00 88460624 88248608  33.47  raven
03:18:26     1002    580094    478.02      0.00 88460624 88248700  33.47  raven
03:20:26     1002    580094    423.78      0.00 88460624 88248756  33.47  raven
03:22:26     1002    580094      0.06      0.00 88460624 88248756  33.47  raven
03:24:26     1002    580094    296.55      0.00 88460624 88248756  33.47  raven
03:26:26     1002    580094     36.49      0.00 88460624 88248756  33.47  raven
03:28:26     1002    580094     35.82      0.00 88460624 88248756  33.47  raven
03:30:26     1002    580094     61.78      0.00 88460624 88248756  33.47  raven
03:32:26     1002    580094     73.28      0.00 88460624 88248756  33.47  raven
03:34:26     1002    580094    458.24      0.00 88460624 88248608  33.47  raven
03:36:26     1002    580094      0.03      0.00 88460624 88248608  33.47  raven
03:38:26     1002    580094      0.03      0.00 88460624 88248608  33.47  raven
03:40:26     1002    580094     39.21      0.00 88460624 88248700  33.47  raven
03:42:26     1002    580094      0.03      0.00 88460624 88248700  33.47  raven
03:44:26     1002    580094      0.09      0.00 88460624 88248700  33.47  raven
03:46:26     1002    580094      0.05      0.00 88460624 88248700  33.47  raven
03:48:26     1002    580094      0.03      0.00 88460624 88248700  33.47  raven
03:50:26     1002    580094      0.01      0.00 88460624 88248700  33.47  raven
03:52:26     1002    580094      0.03      0.00 88460624 88248700  33.47  raven
03:54:26     1002    580094      0.02      0.00 88460624 88248700  33.47  raven
03:56:26     1002    580094      0.04      0.00 88460624 88248700  33.47  raven
03:58:26     1002    580094      0.06      0.00 88460624 88248700  33.47  raven
04:00:26     1002    580094      0.00      0.00 88460624 88248700  33.47  raven
04:02:26     1002    580094      0.00      0.00 88460624 88248700  33.47  raven
04:04:26     1002    580094      0.00      0.00 88460624 88248700  33.47  raven
04:06:26     1002    580094      0.00      0.00 88460624 88248700  33.47  raven
04:08:26     1002    580094      0.00      0.00 88460624 88248700  33.47  raven
04:10:26     1002    580094      0.00      0.00 88460624 88248700  33.47  raven
04:12:26     1002    580094      0.00      0.00 88460624 88248700  33.47  raven
04:14:26     1002    580094      0.00      0.00 88460624 88248700  33.47  raven
04:16:26     1002    580094      0.00      0.00 88460624 88248700  33.47  raven
04:18:26     1002    580094      0.00      0.00 88460624 88248700  33.47  raven
04:20:26     1002    580094      0.00      0.00 88460624 88248700  33.47  raven
04:22:26     1002    580094      0.00      0.00 88460624 88248700  33.47  raven
04:24:26     1002    580094      0.00      0.00 88460624 88248700  33.47  raven
04:26:26     1002    580094      0.00      0.00 88460624 88248700  33.47  raven
04:28:26     1002    580094      0.00      0.00 88460624 88248700  33.47  raven
04:30:26     1002    580094      0.00      0.00 88460624 88248700  33.47  raven
04:32:26     1002    580094      0.00      0.00 88460624 88248700  33.47  raven
04:34:26     1002    580094      0.00      0.00 88460624 88248700  33.47  raven
04:36:26     1002    580094      0.00      0.00 88460624 88248700  33.47  raven
04:38:26     1002    580094      0.00      0.00 88460624 88248700  33.47  raven
04:40:26     1002    580094     68.78      0.00 88657232 88278784  33.49  raven
04:42:26     1002    580094     33.92      0.00 88460624 88248700  33.47  raven
04:44:26     1002    580094      0.00      0.00 88460624 88248700  33.47  raven
04:46:26     1002    580094      0.00      0.00 88460624 88248700  33.47  raven
04:48:26     1002    580094      0.00      0.00 88460624 88248700  33.47  raven
04:50:26     1002    580094     81.32      0.00 88460624 88248700  33.47  raven
04:52:26     1002    580094     17.12      0.00 88460624 88248700  33.47  raven
04:54:26     1002    580094    100.55      0.00 88460784 88248644  33.47  raven
04:56:26     1002    580094   1005.93      0.00 88486164 88273868  33.48  raven
04:58:26     1002    580094      0.00      0.00 88486164 88273868  33.48  raven
05:00:26     1002    580094      0.00      0.00 88486164 88273868  33.48  raven
05:02:26     1002    580094      0.00      0.00 88486164 88273868  33.48  raven
05:04:26     1002    580094      0.00      0.00 88486164 88273868  33.48  raven
05:06:26     1002    580094      0.00      0.00 88486164 88273868  33.48  raven
05:08:26     1002    580094      0.00      0.00 88486164 88273868  33.48  raven
05:10:26     1002    580094      0.00      0.00 88486164 88273868  33.48  raven
05:12:26     1002    580094      0.00      0.00 88486164 88273868  33.48  raven
05:14:26     1002    580094      0.00      0.00 88486164 88273868  33.48  raven
05:16:26     1002    580094      0.00      0.00 88486164 88273868  33.48  raven
05:18:26     1002    580094    246.41      0.00 88617236 88312064  33.50  raven
05:20:26     1002    580094    378.51      0.00 88813844 88452236  33.55  raven
05:22:26     1002    580094    227.10      0.00 88682772 88409924  33.54  raven
05:24:26     1002    580094    186.38      0.00 88486164 88274240  33.48  raven
05:26:26     1002    580094      0.00      0.00 88486164 88274240  33.48  raven
05:28:26     1002    580094      0.00      0.00 88486164 88274240  33.48  raven
05:30:26     1002    580094      0.00      0.00 88486164 88274240  33.48  raven
05:32:26     1002    580094      0.00      0.00 88486164 88274240  33.48  raven
05:34:26     1002    580094      0.00      0.00 88486164 88274240  33.48  raven
05:36:26     1002    580094      0.00      0.00 88486164 88274240  33.48  raven
05:38:26     1002    580094      0.00      0.00 88486164 88274240  33.48  raven
05:40:26     1002    580094      0.00      0.00 88486164 88274240  33.48  raven
05:42:26     1002    580094      0.00      0.00 88486164 88274240  33.48  raven
05:44:26     1002    580094      0.00      0.00 88486164 88274240  33.48  raven
05:46:26     1002    580094      0.00      0.00 88486164 88274240  33.48  raven
05:48:26     1002    580094      0.00      0.00 88486164 88274240  33.48  raven
05:50:26     1002    580094      0.00      0.00 88486164 88274240  33.48  raven
05:52:26     1002    580094      0.00      0.00 88486164 88274240  33.48  raven
05:54:26     1002    580094      0.00      0.00 88486164 88274240  33.48  raven
05:56:26     1002    580094      0.00      0.00 88486164 88274240  33.48  raven
05:58:26     1002    580094      0.00      0.00 88486164 88274240  33.48  raven
06:00:26     1002    580094      0.00      0.00 88486164 88274240  33.48  raven
06:02:26     1002    580094      0.00      0.00 88486164 88274240  33.48  raven
06:04:26     1002    580094      0.00      0.00 88486164 88274240  33.48  raven
06:06:26     1002    580094      0.00      0.00 88486164 88274240  33.48  raven
06:08:26     1002    580094      0.00      0.00 88486164 88274240  33.48  raven
06:10:26     1002    580094      0.00      0.00 88486164 88274240  33.48  raven
06:12:26     1002    580094      0.00      0.00 88486164 88274240  33.48  raven
06:14:26     1002    580094    187.25      0.00 88486164 88274240  33.48  raven
06:16:26     1002    580094    145.61      0.00 88486164 88274240  33.48  raven
06:18:26     1002    580094      0.00      0.00 88486164 88274240  33.48  raven
06:20:26     1002    580094      0.00      0.00 88486164 88274240  33.48  raven
06:22:26     1002    580094      0.00      0.00 88486164 88274240  33.48  raven
06:24:26     1002    580094      0.00      0.00 88486164 88274240  33.48  raven
06:26:26     1002    580094      0.00      0.00 88486164 88274240  33.48  raven
06:28:26     1002    580094      0.00      0.00 88486164 88274240  33.48  raven
06:30:26     1002    580094      0.00      0.00 88486164 88274240  33.48  raven
06:32:26     1002    580094      0.00      0.00 88486164 88274240  33.48  raven
06:34:26     1002    580094      0.00      0.00 88486164 88274240  33.48  raven
06:36:26     1002    580094      0.00      0.00 88486164 88274240  33.48  raven
06:38:26     1002    580094      0.00      0.00 88486164 88274240  33.48  raven
06:40:26     1002    580094      0.00      0.00 88486164 88274240  33.48  raven
06:42:26     1002    580094      0.00      0.00 88486164 88274240  33.48  raven
06:44:26     1002    580094     14.00      0.00 88486164 88274240  33.48  raven
06:46:26     1002    580094    305.26      0.00 88617236 88323072  33.50  raven
06:48:26     1002    580094    695.15      0.00 88748308 88374812  33.52  raven
06:50:26     1002    580094    515.98      0.00 88551700 88308028  33.50  raven
06:52:26     1002    580094     90.53      0.00 88486164 88274240  33.48  raven
06:54:26     1002    580094      0.00      0.00 88486164 88274240  33.48  raven
06:56:26     1002    580094      0.00      0.00 88486164 88274240  33.48  raven
06:58:26     1002    580094      0.00      0.00 88486164 88274240  33.48  raven
