time      UID       PID  minflt.s  majflt.s     VSZ     RSS   MEM  Command
14:51:53     1002    497190  22673.95      0.00 38383772 38144628  14.47  raven
14:53:53     1002    497190 153678.29      0.00 91550332 90085148  34.17  raven
14:55:53     1002    497190  85225.55      0.00 109905036 108313348  41.09  raven
14:57:53     1002    497190  77520.92      0.00 109741188 108390236  41.11  raven
14:59:53     1002    497190 116330.26      0.00 109860428 109456748  41.52  raven
15:01:53     1002    497190 116943.59      0.00 110003284 109386648  41.49  raven
15:03:53     1002    497190  80604.04      0.00 110302028 109838000  41.66  raven
15:05:53     1002    497190 158641.32      0.00 110574184 110051816  41.74  raven
15:07:53     1002    497190  90635.81      0.00 110695244 110032848  41.74  raven
15:09:53     1002    497190 120806.85      0.00 113322032 112357128  42.62  raven
15:11:53     1002    497190 156012.07      0.00 113802636 112875248  42.82  raven
15:13:53     1002    497190 113246.32      0.00 113346792 112641884  42.73  raven
15:15:53     1002    497190  57506.73      0.00 113379548 112983784  42.86  raven
15:17:53     1002    497190 149672.82      0.00 113346776 113039732  42.88  raven
15:19:53     1002    497190 149615.94      0.00 113814456 113257592  42.96  raven
15:21:53     1002    497190  92476.38      0.00 114395352 113544616  43.07  raven
15:23:53     1002    497190 100221.12      0.00 115399372 114576124  43.46  raven
15:25:53     1002    497190 156961.52      0.00 114919644 114274744  43.35  raven
15:27:53     1002    497190 160416.41      0.00 114901136 114495692  43.43  raven
15:29:53     1002    497190 152618.92      0.00 115109732 114684112  43.50  raven
15:31:53     1002    497190  51113.38      0.00 121274500 119275112  45.24  raven
15:33:53     1002    497190 141519.17      0.00 115378392 114744540  43.52  raven
15:35:53     1002    497190 150998.46      0.00 115443928 114992004  43.62  raven
15:37:53     1002    497190 117086.84      0.00 115575004 115258836  43.72  raven
15:39:53     1002    497190 151183.30      0.00 115443928 115194924  43.70  raven
15:41:53     1002    497190  51290.55      0.00 118953000 117864260  44.71  raven
15:43:53     1002    497190 161568.81      0.00 119215144 118220596  44.84  raven
15:45:53     1002    497190 167800.89      0.00 119477288 118585320  44.98  raven
15:47:53     1002    497190 132405.77      0.00 119477288 118746832  45.04  raven
15:49:53     1002    497190 169392.02      0.00 119858104 119035544  45.15  raven
15:51:53     1002    497190 119304.34      0.00 120525864 119258560  45.24  raven
15:53:53     1002    497190  87956.86      0.00 120455640 119833352  45.46  raven
15:55:53     1002    497190 142643.54      0.00 120521176 120078960  45.55  raven
15:57:53     1002    497190 148723.72      0.00 120737580 120366596  45.66  raven
15:59:53     1002    497190 139674.63      0.00 121706760 121123160  45.94  raven
16:01:53     1002    497190 144859.12      0.00 122284920 121571228  46.11  raven
16:03:53     1002    497190 139245.65      0.00 121569752 121156720  45.96  raven
16:05:53     1002    497190  59272.53      0.00 125502484 124188800  47.11  raven
16:07:53     1002    497190 154023.58      0.00 125713488 124634728  47.28  raven
16:09:53     1002    497190 164953.82      0.00 125306112 124200104  47.11  raven
16:11:53     1002    497190 139695.02      0.00 125531640 124475240  47.22  raven
16:13:53     1002    497190 152345.51      0.00 126337168 125336600  47.54  raven
16:15:53     1002    497190 152295.10      0.00 126088712 124922828  47.39  raven
16:17:53     1002    497190 123342.74      0.00 126580216 125160724  47.48  raven
16:19:53     1002    497190  79390.28      0.00 126907876 126044672  47.81  raven
16:21:53     1002    497190 143488.49      0.00 126806360 126303368  47.91  raven
16:23:53     1002    497190 143277.59      0.00 127265484 126593432  48.02  raven
16:25:53     1002    497190 137767.65      0.00 127632336 126919216  48.14  raven
16:27:53     1002    497190 140749.35      0.00 128153060 127346588  48.31  raven
16:29:53     1002    497190 148260.43      0.00 127919328 127429096  48.34  raven
16:31:53     1002    497190 146067.51      0.00 127759832 127333520  48.30  raven
16:33:53     1002    497190  39832.57      0.00 129052624 128106764  48.59  raven
16:35:53     1002    497190 138519.45      0.00 128193384 127750440  48.46  raven
16:39:11     1002    497190 141884.32      0.00 128733584 128322052  48.68  raven
16:41:11     1002    497190 144363.83      0.00 129070556 128623656  48.79  raven
16:43:11     1002    497190 131566.12      0.00 130044416 129542972  49.14  raven
16:45:11     1002    497190 158629.52      0.00 129332696 128957828  48.92  raven
16:47:11     1002    497190 144325.67      0.00 129725916 129315488  49.05  raven
16:49:11     1002    497190  59841.13      0.00 129856984 129356336  49.07  raven
16:51:11     1002    497190 117193.61      0.00 130512352 129873588  49.26  raven
16:53:11     1002    497190 150180.20      0.00 130714316 130171156  49.38  raven
16:55:11     1002    497190 140639.51      0.00 130708956 130253472  49.41  raven
16:57:11     1002    497190 143758.07      0.00 132004808 131372952  49.83  raven
16:59:11     1002    497190 129323.35      0.00 130840024 130464944  49.49  raven
17:01:11     1002    497190 147015.95      0.00 131297400 130846692  49.63  raven
17:03:11     1002    497190 146217.36      0.00 131233240 130839612  49.63  raven
17:05:11     1002    497190 135870.27      0.00 131495384 131070176  49.72  raven
17:07:11     1002    497190  48590.60      0.00 131823068 131348840  49.82  raven
17:09:11     1002    497190 134102.74      0.00 131888608 131428516  49.85  raven
17:11:11     1002    497190 141801.12      0.00 132184404 131760868  49.98  raven
17:13:11     1002    497190 116899.04      0.00 132150744 131750504  49.98  raven
17:15:11     1002    497190 136048.96      0.00 132412888 131960696  50.06  raven
17:17:11     1002    497190 147109.77      0.00 132543960 132189132  50.14  raven
17:19:11     1002    497190 140331.47      0.00 133428712 132840400  50.39  raven
17:21:11     1002    497190 125968.72      0.00 133208516 132773948  50.36  raven
17:23:11     1002    497190 124799.05      0.00 133363164 132890432  50.41  raven
17:25:11     1002    497190  42206.62      0.00 133723612 133182340  50.52  raven
17:27:11     1002    497190 139448.38      0.00 133592540 133171852  50.51  raven
17:29:11     1002    497190 149848.57      0.00 133940752 133529928  50.65  raven
17:31:11     1002    497190 128341.40      0.00 133789144 133466444  50.63  raven
17:33:11     1002    497190 139207.38      0.00 133920216 133609120  50.68  raven
17:35:11     1002    497190 154550.63      0.00 135075080 134379168  50.97  raven
17:37:11     1002    497190 153222.77      0.00 134887760 134456808  51.00  raven
17:39:11     1002    497190 133417.02      0.00 135175108 134638572  51.07  raven
17:41:11     1002    497190 130563.73      0.00 135197948 134800608  51.13  raven
17:43:11     1002    497190  70315.25      0.00 135296472 134637404  51.07  raven
17:45:11     1002    497190  99118.78      0.00 135165400 134752536  51.11  raven
17:47:11     1002    497190 140232.52      0.00 135437848 135080884  51.24  raven
17:49:11     1002    497190 127388.63      0.00 135362008 134986432  51.20  raven
17:51:11     1002    497190 131914.53      0.00 136050152 135420884  51.37  raven
17:53:11     1002    497190 126984.93      0.00 136082908 135590048  51.43  raven
17:55:11     1002    497190 149360.26      0.00 136386568 136000368  51.59  raven
17:57:11     1002    497190 124988.37      0.00 136279520 135947808  51.57  raven
17:59:11     1002    497190 132742.34      0.00 136901860 136387168  51.73  raven
18:01:11     1002    497190 116589.42      0.00 136476120 136058712  51.61  raven
18:03:11     1002    497190  72651.42      0.00 137065944 136250972  51.68  raven
18:05:11     1002    497190  89770.22      0.00 136902108 136422008  51.75  raven
18:07:11     1002    497190 136379.77      0.00 136967644 136532632  51.79  raven
18:09:11     1002    497190 136951.98      0.00 137688464 137182528  52.04  raven
18:11:11     1002    497190 130971.42      0.00 138614816 137857956  52.29  raven
18:13:11     1002    497190 136624.98      0.00 137991824 137382864  52.11  raven
18:15:11     1002    497190 155287.74      0.00 137524696 137138232  52.02  raven
18:17:11     1002    497190 137314.88      0.00 137590232 137277660  52.07  raven
18:19:11     1002    497190 139658.02      0.00 137917912 137518364  52.16  raven
18:21:11     1002    497190 122880.13      0.00 137983448 137613648  52.20  raven
18:23:11     1002    497190 118903.86      0.00 138048984 137713188  52.24  raven
18:25:11     1002    497190  29965.23      0.00 139586128 138819188  52.66  raven
18:27:11     1002    497190 137352.85      0.00 138573276 138119368  52.39  raven
18:29:11     1002    497190 149538.60      0.00 138458960 138112564  52.39  raven
18:31:11     1002    497190 113734.07      0.00 138376664 138040844  52.36  raven
18:33:11     1002    497190 151280.13      0.00 138704344 138299796  52.46  raven
18:35:11     1002    497190 141480.76      0.00 138933728 138522788  52.54  raven
18:37:11     1002    497190 156505.77      0.00 139564232 139003452  52.73  raven
18:39:11     1002    497190 132295.34      0.00 139458020 138958288  52.71  raven
18:41:11     1002    497190 140764.62      0.00 139621856 139132716  52.78  raven
18:43:11     1002    497190 115333.35      0.00 140129260 139573592  52.94  raven
18:45:11     1002    497190 112046.07      0.00 139654620 139301548  52.84  raven
18:47:11     1002    497190  72954.19      0.00 139883992 139310088  52.84  raven
18:49:11     1002    497190 100663.38      0.00 140018016 139545172  52.93  raven
18:51:11     1002    497190 142459.55      0.00 140015064 139545964  52.93  raven
18:53:11     1002    497190 127744.05      0.00 140015064 139618652  52.96  raven
18:55:11     1002    497190 135311.73      0.00 140431040 139984268  53.10  raven
18:57:11     1002    497190 134123.71      0.00 140408284 140032984  53.12  raven
18:59:11     1002    497190 159403.19      0.00 140342744 139991560  53.10  raven
19:01:11     1002    497190 138865.34      0.00 141260264 140724908  53.38  raven
19:03:11     1002    497190 138393.12      0.00 140932572 140502068  53.30  raven
19:05:11     1002    497190 113961.76      0.00 140969056 140583948  53.33  raven
19:07:11     1002    497190 117974.39      0.00 141691308 141060240  53.51  raven
19:09:11     1002    497190 120741.99      0.00 141286020 140835476  53.42  raven
19:11:11     1002    497190  46936.83      0.00 143030592 142007420  53.87  raven
19:13:11     1002    497190 115161.94      0.00 141129176 140723932  53.38  raven
19:15:11     1002    497190 134608.88      0.00 141746744 141179596  53.55  raven
19:17:11     1002    497190 119669.51      0.00 141713848 141262528  53.58  raven
19:19:11     1002    497190 138161.98      0.00 141587928 141172900  53.55  raven
19:21:11     1002    497190 131924.36      0.00 141587928 141236556  53.57  raven
19:23:11     1002    497190 142124.13      0.00 141653464 141359332  53.62  raven
19:25:11     1002    497190 124412.08      0.00 141784536 141465348  53.66  raven
19:27:11     1002    497190 142212.63      0.00 142046680 141622800  53.72  raven
19:29:11     1002    497190 114551.89      0.00 142439900 141924340  53.83  raven
19:31:11     1002    497190 110314.23      0.00 143149712 142574984  54.08  raven
19:33:11     1002    497190 106103.52      0.00 142669284 142219260  53.95  raven
19:35:11     1002    497190  66812.27      0.00 142570968 142089416  53.90  raven
19:37:11     1002    497190  84687.21      0.00 143037832 142460996  54.04  raven
19:39:11     1002    497190 132468.20      0.00 142833116 142375680  54.01  raven
19:41:11     1002    497190 123013.37      0.00 142890744 142531896  54.07  raven
19:43:11     1002    497190 125029.25      0.00 142898660 142523412  54.06  raven
19:45:11     1002    497190 129998.83      0.00 143426244 142864028  54.19  raven
19:47:11     1002    497190 149722.69      0.00 143029720 142620308  54.10  raven
19:49:11     1002    497190 134325.85      0.00 143226328 142811564  54.17  raven
19:51:11     1002    497190 132685.88      0.00 143829436 143311044  54.36  raven
19:53:11     1002    497190 103826.24      0.00 143422936 143099428  54.28  raven
19:55:11     1002    497190 110173.56      0.00 143554008 143185364  54.31  raven
19:57:11     1002    497190 115777.55      0.00 144482964 143932296  54.60  raven
19:59:11     1002    497190 102700.50      0.00 143927484 143527372  54.44  raven
20:01:11     1002    497190  42146.15      0.00 144078296 143451708  54.41  raven
20:03:11     1002    497190  96711.88      0.00 144078300 143600832  54.47  raven
20:05:11     1002    497190 135413.38      0.00 144274908 143803780  54.55  raven
20:07:11     1002    497190 122728.46      0.00 144209372 143789744  54.54  raven
20:09:11     1002    497190 132111.10      0.00 144143832 143740904  54.52  raven
20:11:11     1002    497190 129501.39      0.00 144733668 144153120  54.68  raven
20:13:11     1002    497190 145166.23      0.00 144734588 144223540  54.71  raven
20:15:11     1002    497190 121871.14      0.00 144537048 144100232  54.66  raven
20:17:11     1002    497190 135848.31      0.00 145466584 144895968  54.96  raven
20:19:11     1002    497190 107841.08      0.00 144733656 144375820  54.76  raven
20:21:11     1002    497190 111093.08      0.00 145579888 144967604  54.99  raven
20:23:11     1002    497190 114169.80      0.00 144864732 144521452  54.82  raven
20:25:11     1002    497190 100640.35      0.00 144963040 144605112  54.85  raven
20:27:11     1002    497190  69301.73      0.00 144930264 144585976  54.84  raven
20:29:11     1002    497190  66690.32      0.00 145615820 145110064  55.04  raven
20:31:11     1002    497190 137779.54      0.00 145061336 144719444  54.89  raven
20:33:11     1002    497190 137615.17      0.00 145126872 144781684  54.92  raven
20:35:11     1002    497190 134400.31      0.00 146608004 145856660  55.33  raven
20:37:11     1002    497190 136310.23      0.00 145563484 145195360  55.08  raven
20:39:11     1002    497190 145007.69      0.00 145389016 145050096  55.02  raven
20:41:11     1002    497190 148970.29      0.00 146143600 145700400  55.27  raven
20:43:11     1002    497190 134413.67      0.00 146691060 146229760  55.47  raven
20:45:11     1002    497190 124941.92      0.00 146011612 145607204  55.23  raven
20:47:11     1002    497190 122524.63      0.00 146438768 145819028  55.31  raven
20:49:11     1002    497190 116029.83      0.00 146560412 146154988  55.44  raven
20:51:11     1002    497190 119940.62      0.00 146175448 145800036  55.30  raven
20:53:11     1002    497190  94504.25      0.00 146175448 145806184  55.31  raven
20:55:11     1002    497190  91058.62      0.00 146175448 145826832  55.32  raven
20:57:11     1002    497190  58716.93      0.00 147444644 146796360  55.68  raven
20:59:11     1002    497190 136262.85      0.00 146601444 146077752  55.41  raven
21:01:11     1002    497190 138232.90      0.00 146826740 146492984  55.57  raven
21:03:11     1002    497190 122238.59      0.00 146783564 146381336  55.53  raven
21:05:11     1002    497190 139980.64      0.00 146723284 146271924  55.48  raven
21:07:11     1002    497190 150437.13      0.00 146753272 146357336  55.52  raven
21:09:11     1002    497190 150786.22      0.00 147453412 146828096  55.69  raven
21:11:11     1002    497190 128929.59      0.00 147027416 146640952  55.62  raven
21:13:11     1002    497190 121039.88      0.00 147158488 146780632  55.68  raven
21:15:11     1002    497190 118552.25      0.00 147224024 146887360  55.72  raven
21:17:11     1002    497190 116935.60      0.00 147224024 146902384  55.72  raven
21:19:11     1002    497190 118323.82      0.00 147615232 147271544  55.86  raven
21:21:11     1002    497190  91248.59      0.00 147420632 147058036  55.78  raven
21:23:11     1002    497190 110600.69      0.00 147665536 147276492  55.86  raven
21:25:11     1002    497190  55608.20      0.00 147551704 147086724  55.79  raven
21:27:11     1002    497190 104082.94      0.00 147585728 147178488  55.83  raven
21:29:11     1002    497190 147823.53      0.00 148110032 147526500  55.96  raven
21:31:11     1002    497190 137491.36      0.00 148466960 147960116  56.12  raven
21:33:11     1002    497190 141549.83      0.00 148434672 147930892  56.11  raven
21:35:11     1002    497190 140095.01      0.00 148699856 147978984  56.13  raven
21:37:11     1002    497190 154439.18      0.00 148044480 147624040  56.00  raven
21:39:11     1002    497190 133928.56      0.00 148241088 147827360  56.07  raven
21:41:11     1002    497190 144079.02      0.00 148306624 147931760  56.11  raven
21:43:11     1002    497190 118771.10      0.00 149384116 148923048  56.49  raven
21:45:11     1002    497190 119870.34      0.00 148975472 148406308  56.29  raven
21:47:11     1002    497190 126819.16      0.00 148503232 148169300  56.20  raven
21:49:11     1002    497190 119986.26      0.00 148830916 148405072  56.29  raven
21:51:11     1002    497190  87842.10      0.00 148634304 148278000  56.24  raven
21:53:11     1002    497190 121945.03      0.00 148830912 148386908  56.29  raven
21:55:11     1002    497190  83650.96      0.00 149027520 148431872  56.30  raven
21:57:11     1002    497190  62897.17      0.00 149097252 148572652  56.36  raven
21:59:11     1002    497190 132566.02      0.00 149788952 149082708  56.55  raven
22:01:11     1002    497190 128370.03      0.00 149091808 148616416  56.37  raven
22:03:11     1002    497190 127722.81      0.00 149255644 148825888  56.45  raven
22:05:11     1002    497190 127319.03      0.00 149124572 148699924  56.40  raven
22:07:11     1002    497190 145722.88      0.00 150042080 149193920  56.59  raven
22:09:11     1002    497190 142549.42      0.00 149386712 148934180  56.49  raven
22:11:11     1002    497190 133260.60      0.00 149712764 149321492  56.64  raven
22:13:11     1002    497190 120872.09      0.00 149517784 149179972  56.59  raven
22:15:11     1002    497190 115929.34      0.00 149714392 149341512  56.65  raven
22:17:11     1002    497190 113023.71      0.00 149779928 149423384  56.68  raven
22:19:11     1002    497190 112195.78      0.00 149845464 149470632  56.70  raven
22:21:11     1002    497190  90840.70      0.00 149976536 149590900  56.74  raven
22:23:11     1002    497190 111508.77      0.00 150042072 149635460  56.76  raven
22:25:11     1002    497190 110177.45      0.00 150304220 149845624  56.84  raven
22:27:11     1002    497190  40425.97      0.00 150107608 149685668  56.78  raven
22:29:11     1002    497190 111983.45      0.00 150599144 150002676  56.90  raven
22:31:11     1002    497190 141645.63      0.00 150362744 149984360  56.89  raven
22:33:11     1002    497190 129863.46      0.00 150205920 149774708  56.81  raven
22:35:11     1002    497190 143943.67      0.00 150435288 149956712  56.88  raven
22:37:11     1002    497190 127848.55      0.00 150724944 150208980  56.98  raven
22:39:11     1002    497190 154296.24      0.00 150762972 150278512  57.00  raven
22:41:11     1002    497190 131703.28      0.00 150894044 150483912  57.08  raven
22:43:11     1002    497190 144714.13      0.00 151025120 150635184  57.14  raven
22:45:11     1002    497190 115433.53      0.00 150918772 150600144  57.13  raven
22:47:11     1002    497190 117714.36      0.00 151470872 150970564  57.27  raven
22:49:11     1002    497190 121083.80      0.00 151057888 150670784  57.15  raven
22:51:11     1002    497190 114530.86      0.00 150894040 150584492  57.12  raven
22:53:11     1002    497190  86984.47      0.00 150894040 150586328  57.12  raven
22:55:11     1002    497190 129640.94      0.00 150959576 150628708  57.14  raven
22:57:11     1002    497190 119171.66      0.00 151155820 150758792  57.19  raven
22:59:11     1002    497190  88965.38      0.00 151025112 150677128  57.15  raven
23:01:11     1002    497190  59421.05      0.00 151090648 150711060  57.17  raven
23:03:11     1002    497190 141821.84      0.00 151090648 150735536  57.18  raven
23:05:11     1002    497190 139677.02      0.00 151483872 151043896  57.29  raven
23:07:11     1002    497190 124687.36      0.00 151352792 150935032  57.25  raven
23:09:11     1002    497190 146649.58      0.00 151418328 151027120  57.29  raven
23:11:11     1002    497190 156485.29      0.00 151483864 151115892  57.32  raven
23:13:11     1002    497190 155944.70      0.00 152270300 151655916  57.53  raven
23:15:11     1002    497190 136145.97      0.00 152337856 151797756  57.58  raven
23:17:11     1002    497190 135424.25      0.00 152406284 151990708  57.65  raven
23:19:11     1002    497190 124689.96      0.00 153121104 152467520  57.83  raven
23:21:11     1002    497190 125280.04      0.00 152139224 151797920  57.58  raven
23:23:11     1002    497190 119561.57      0.00 152270296 151884892  57.61  raven
23:25:11     1002    497190  98516.22      0.00 152401368 152031400  57.67  raven
23:27:11     1002    497190 104114.85      0.00 152401368 152033596  57.67  raven
23:29:11     1002    497190 120645.73      0.00 153031300 152493832  57.84  raven
23:31:11     1002    497190 112601.88      0.00 152785880 152345820  57.79  raven
23:33:11     1002    497190  99430.43      0.00 152532440 152142540  57.71  raven
23:35:11     1002    497190  53697.07      0.00 152532440 152143568  57.71  raven
23:37:11     1002    497190 140927.16      0.00 152993124 152512052  57.85  raven
23:39:11     1002    497190 142599.27      0.00 152827360 152370368  57.80  raven
23:41:11     1002    497190 126848.12      0.00 152630748 152280196  57.76  raven
23:43:11     1002    497190 141322.60      0.00 152794588 152364196  57.79  raven
23:45:11     1002    497190 162483.61      0.00 152729048 152372576  57.80  raven
23:47:11     1002    497190 148654.24      0.00 152860120 152541348  57.86  raven
23:49:11     1002    497190 127682.45      0.00 153122264 152716008  57.93  raven
23:51:11     1002    497190 135155.08      0.00 153384416 152902472  58.00  raven
23:53:11     1002    497190 114932.97      0.00 153253336 152887488  57.99  raven
23:55:11     1002    497190 136312.97      0.00 153318872 152948400  58.02  raven
23:57:11     1002    497190 123551.60      0.00 154039772 153371832  58.18  raven
23:59:11     1002    497190  98451.77      0.00 153515480 153115540  58.08  raven
00:01:11     1002    497190  96204.21      0.00 154226096 153595884  58.26  raven
00:03:11     1002    497190 122589.32      0.00 153963632 153498312  58.22  raven
00:05:11     1002    497190 110345.43      0.00 153515480 153134048  58.09  raven
00:07:11     1002    497190 117959.01      0.00 153515480 153143776  58.09  raven
00:09:11     1002    497190  68699.12      0.00 153843160 153222364  58.12  raven
00:11:11     1002    497190  79140.30      0.00 153679324 153251172  58.13  raven
00:13:11     1002    497190 127873.97      0.00 153646552 153257680  58.13  raven
00:15:11     1002    497190 124951.24      0.00 153908552 153548760  58.24  raven
00:17:11     1002    497190 120591.51      0.00 153843164 153422580  58.20  raven
00:19:11     1002    497190 132800.44      0.00 155367392 154741724  58.70  raven
00:21:11     1002    497190 140580.54      0.00 154236380 153765204  58.33  raven
00:23:11     1002    497190 131544.78      0.00 154269152 153876664  58.37  raven
00:25:11     1002    497190 128757.22      0.00 154619264 154190772  58.49  raven
00:27:11     1002    497190 115371.72      0.00 155324732 154669064  58.67  raven
00:29:11     1002    497190 107405.44      0.00 154695132 154321308  58.54  raven
00:31:11     1002    497190 111837.11      0.00 154731496 154316356  58.54  raven
00:33:11     1002    497190 110601.49      0.00 154629596 154289108  58.52  raven
00:35:11     1002    497190  87384.53      0.00 154629592 154302900  58.53  raven
00:37:11     1002    497190 103957.16      0.00 154629592 154321368  58.54  raven
00:39:11     1002    497190 107309.38      0.00 155242476 154812796  58.72  raven
00:41:11     1002    497190  95034.09      0.00 154695128 154360044  58.55  raven
00:43:11     1002    497190 105204.52      0.00 154893140 154508788  58.61  raven
00:45:11     1002    497190  94244.21      0.00 154695128 154375256  58.56  raven
00:47:11     1002    497190  46152.88      0.00 155088348 154552412  58.62  raven
00:49:11     1002    497190 132039.21      0.00 154924512 154552088  58.62  raven
00:51:11     1002    497190 142878.99      0.00 155612176 155091924  58.83  raven
00:53:11     1002    497190 114826.20      0.00 154891736 154520512  58.61  raven
00:55:11     1002    497190 135294.54      0.00 155153888 154811656  58.72  raven
00:57:11     1002    497190 147231.46      0.00 155219420 154823852  58.73  raven
00:59:11     1002    497190 146256.72      0.00 155880980 155377484  58.94  raven
01:01:11     1002    497190 124020.78      0.00 155743708 155199296  58.87  raven
01:03:11     1002    497190 128740.75      0.00 155809244 155393172  58.94  raven
01:05:11     1002    497190 109885.64      0.00 155803716 155408704  58.95  raven
01:07:11     1002    497190 120435.27      0.00 155743704 155363172  58.93  raven
01:09:11     1002    497190 120383.89      0.00 155874780 155480608  58.98  raven
01:11:11     1002    497190  99484.01      0.00 156071388 155662472  59.05  raven
01:13:11     1002    497190  94700.04      0.00 156302340 155786932  59.09  raven
01:15:11     1002    497190 120052.77      0.00 155874776 155498284  58.98  raven
01:17:11     1002    497190 118713.87      0.00 156005848 155578436  59.01  raven
01:19:11     1002    497190 115056.66      0.00 156618168 156065256  59.20  raven
01:21:11     1002    497190 103531.24      0.00 156254220 155852980  59.12  raven
01:23:11     1002    497190  90190.62      0.00 156005848 155618872  59.03  raven
01:25:11     1002    497190  43748.85      0.00 156330440 155879176  59.13  raven
01:27:11     1002    497190 125618.08      0.00 156693992 155975844  59.16  raven
01:29:11     1002    497190 131219.68      0.00 156661212 156060280  59.20  raven
01:31:11     1002    497190 107040.39      0.00 156464604 155946472  59.15  raven
01:33:11     1002    497190 126455.51      0.00 156530140 155992464  59.17  raven
01:35:11     1002    497190 139891.52      0.00 156464600 156047216  59.19  raven
01:37:11     1002    497190 138959.23      0.00 157240840 156675372  59.43  raven
01:39:11     1002    497190 117678.45      0.00 157400352 156775296  59.47  raven
01:41:11     1002    497190 124911.99      0.00 157185504 156751276  59.46  raven
01:43:11     1002    497190 104415.54      0.00 157775328 157106676  59.59  raven
01:45:11     1002    497190 114151.57      0.00 157300768 156847524  59.50  raven
01:47:11     1002    497190 105391.58      0.00 159195220 158255240  60.03  raven
01:49:11     1002    497190  87881.89      0.00 157119960 156743028  59.46  raven
01:51:11     1002    497190  92821.43      0.00 158265388 157672656  59.81  raven
01:53:11     1002    497190 103692.53      0.00 157185496 156803068  59.48  raven
01:55:11     1002    497190 100962.61      0.00 157251032 156841836  59.49  raven
01:57:11     1002    497190 107392.88      0.00 158176608 157504364  59.74  raven
01:59:11     1002    497190  96527.15      0.00 157382104 156979068  59.55  raven
02:01:11     1002    497190  86653.98      0.00 157414876 157006992  59.56  raven
02:03:11     1002    497190  29131.94      0.00 157480412 157066336  59.58  raven
02:05:11     1002    497190  13234.20      0.00 157447640 157071804  59.58  raven
02:07:11     1002    497190  13862.01      0.00 157447640 157089208  59.59  raven
02:09:11     1002    497190  15154.19      0.00 157614792 157235480  59.64  raven
02:11:11     1002    497190  13100.56      0.00 157611484 157210172  59.63  raven
02:13:11     1002    497190  13610.84      0.00 157644248 157268340  59.66  raven
02:15:11     1002    497190  11578.73      0.00 157644248 157285056  59.66  raven
02:17:11     1002    497190  11821.03      0.00 157677020 157325412  59.68  raven
02:19:11     1002    497190  10307.21      0.00 157644248 157304388  59.67  raven
02:21:11     1002    497190   5754.89      0.00 157644248 157313504  59.67  raven
02:23:11     1002    497190      0.00      0.00 157644248 157313504  59.67  raven
02:25:11     1002    497190      0.00      0.00 156399064 155419712  58.95  raven
02:27:11     1002    497190      0.01      0.00 155923880 154944532  58.77  raven
02:29:11     1002    497190    107.12      0.00 155989420 154995744  58.79  raven
02:31:11     1002    497190      0.00      0.00 155923880 154944532  58.77  raven
02:33:11     1002    497190     91.21      0.00 155923880 154944532  58.77  raven
02:35:11     1002    497190      0.00      0.00 155923880 154944532  58.77  raven
02:37:11     1002    497190     81.55      0.00 155923880 154944596  58.77  raven
02:39:11     1002    497190     88.90      0.00 155923880 154944596  58.77  raven
02:41:11     1002    497190      0.00      0.00 155923880 154944596  58.77  raven
02:43:11     1002    497190    416.08      0.00 155923880 154944596  58.77  raven
02:45:11     1002    497190      0.00      0.00 155923880 154944596  58.77  raven
02:47:11     1002    497190    425.31      0.00 155923880 154944596  58.77  raven
02:49:11     1002    497190     77.98      0.00 155923880 154944596  58.77  raven
02:51:11     1002    497190      0.00      0.00 155923880 154944596  58.77  raven
02:53:11     1002    497190    419.32      0.00 155923880 154944596  58.77  raven
02:55:11     1002    497190    434.54      0.00 155923880 154944596  58.77  raven
02:57:11     1002    497190    108.99      0.00 155923880 154944596  58.77  raven
02:59:11     1002    497190      0.00      0.00 155923880 154944596  58.77  raven
03:01:11     1002    497190      0.00      0.00 155923880 154944596  58.77  raven
03:03:11     1002    497190      0.03      0.00 155923880 154944596  58.77  raven
03:05:11     1002    497190      0.00      0.00 155923880 154944596  58.77  raven
03:07:11     1002    497190      0.00      0.00 155923880 154944596  58.77  raven
03:09:11     1002    497190      0.00      0.00 155923880 154944596  58.77  raven
03:11:11     1002    497190      0.00      0.00 155923880 154944596  58.77  raven
03:13:11     1002    497190      0.00      0.00 155923880 154944596  58.77  raven
03:15:11     1002    497190      0.00      0.00 155923880 154944596  58.77  raven
03:17:11     1002    497190      0.00      0.00 155923880 154944596  58.77  raven
03:19:11     1002    497190      0.00      0.00 155923880 154944596  58.77  raven
03:21:11     1002    497190      0.00      0.00 155923880 154944596  58.77  raven
03:23:11     1002    497190      0.00      0.00 155923880 154944596  58.77  raven
03:25:11     1002    497190      0.00      0.00 155923880 154944596  58.77  raven
03:27:11     1002    497190      0.00      0.00 155923880 154944596  58.77  raven
03:29:11     1002    497190      0.00      0.00 155923880 154944596  58.77  raven
03:31:11     1002    497190      0.00      0.00 155923880 154944596  58.77  raven
03:33:11     1002    497190      0.00      0.00 155923880 154944596  58.77  raven
03:35:11     1002    497190      0.01      0.00 155923880 154944596  58.77  raven
03:37:11     1002    497190      0.00      0.00 155923880 154944596  58.77  raven
03:39:11     1002    497190      0.00      0.00 155923880 154944596  58.77  raven
03:41:11     1002    497190      0.00      0.00 155923880 154944596  58.77  raven
03:43:11     1002    497190      0.00      0.00 155923880 154944596  58.77  raven
03:45:11     1002    497190      0.00      0.00 155923880 154944596  58.77  raven
03:47:11     1002    497190      0.00      0.00 155923880 154944596  58.77  raven
03:49:11     1002    497190      0.00      0.00 155923880 154944596  58.77  raven
03:51:11     1002    497190      0.00      0.00 155923880 154944596  58.77  raven
03:53:11     1002    497190      0.00      0.00 155923880 154944596  58.77  raven
03:55:11     1002    497190   3993.11      0.00 156186040 155125912  58.84  raven
03:57:11     1002    497190  24779.50      0.00 155923880 154942948  58.77  raven
03:59:11     1002    497190  13754.94      0.00 138249680 137615608  52.20  raven
04:01:11     1002    497190      0.00      0.00 138249680 137615608  52.20  raven
04:03:11     1002    497190      0.00      0.00 138249680 137615608  52.20  raven
04:05:11     1002    497190      0.00      0.00 138249680 137615608  52.20  raven
04:07:11     1002    497190      0.00      0.00 138249680 137615608  52.20  raven
04:09:11     1002    497190      0.00      0.00 138249680 137615608  52.20  raven
04:11:11     1002    497190      0.00      0.00 138249680 137615608  52.20  raven
04:13:11     1002    497190      0.00      0.00 138249680 137615608  52.20  raven
04:15:11     1002    497190    540.26      0.00 138249680 137615712  52.20  raven
04:17:11     1002    497190      0.00      0.00 138249680 137615712  52.20  raven
04:19:11     1002    497190      0.00      0.00 138249680 137615712  52.20  raven
04:21:11     1002    497190      0.00      0.00 138249680 137615712  52.20  raven
04:23:11     1002    497190     89.56      0.00 138249680 137615896  52.20  raven
04:25:11     1002    497190      0.00      0.00 138249680 137615896  52.20  raven
04:27:11     1002    497190      0.00      0.00 138249680 137615896  52.20  raven
04:29:11     1002    497190      0.00      0.00 138249680 137615896  52.20  raven
04:31:11     1002    497190    458.81      0.00 138249680 137616016  52.20  raven
04:33:11     1002    497190    135.20      0.00 138249680 137616060  52.20  raven
04:35:11     1002    497190      0.00      0.00 138249680 137616060  52.20  raven
04:37:11     1002    497190      0.00      0.00 138249680 137616060  52.20  raven
04:39:11     1002    497190      0.00      0.00 138249680 137616060  52.20  raven
04:41:11     1002    497190     77.74      0.00 138249680 137616132  52.20  raven
04:43:11     1002    497190      0.00      0.00 138249680 137616132  52.20  raven
04:45:11     1002    497190      0.00      0.00 138249680 137616132  52.20  raven
04:47:11     1002    497190      0.00      0.00 138249680 137616132  52.20  raven
04:49:11     1002    497190      0.00      0.00 138249680 137616132  52.20  raven
04:51:11     1002    497190      0.00      0.00 138249680 137616132  52.20  raven
04:53:11     1002    497190      0.00      0.00 138249680 137616132  52.20  raven
04:55:11     1002    497190   7892.47      0.00 138249680 137615244  52.20  raven
04:57:11     1002    497190      0.00      0.00 138249680 137615244  52.20  raven
04:59:11     1002    497190      0.00      0.00 138249680 137615244  52.20  raven
05:01:11     1002    497190      0.00      0.00 138249680 137615244  52.20  raven
05:03:11     1002    497190      0.00      0.00 138249680 137615244  52.20  raven
05:05:11     1002    497190      0.00      0.00 138249680 137615244  52.20  raven
05:07:11     1002    497190      0.00      0.00 138249680 137615244  52.20  raven
05:09:11     1002    497190      0.00      0.00 138249680 137615244  52.20  raven
05:11:11     1002    497190    636.87      0.00 138249680 137615500  52.20  raven
05:13:11     1002    497190      0.00      0.00 138249680 137615500  52.20  raven
05:15:11     1002    497190      0.00      0.00 138249680 137615500  52.20  raven
05:17:11     1002    497190      0.00      0.00 138249680 137615500  52.20  raven
05:19:11     1002    497190      0.00      0.00 138249680 137615500  52.20  raven
05:21:11     1002    497190     90.26      0.00 138249680 137615692  52.20  raven
05:23:11     1002    497190      0.00      0.00 138249680 137615692  52.20  raven
05:25:11     1002    497190      0.00      0.00 138249680 137615692  52.20  raven
05:27:11     1002    497190    460.96      0.00 138249680 137615756  52.20  raven
05:29:11     1002    497190    136.10      0.00 138249680 137616012  52.20  raven
05:31:11     1002    497190      0.00      0.00 138249680 137616012  52.20  raven
05:33:11     1002    497190      0.00      0.00 138249680 137616012  52.20  raven
05:35:11     1002    497190      0.00      0.00 138249680 137616012  52.20  raven
05:37:11     1002    497190     78.25      0.00 138249680 137616268  52.20  raven
05:39:11     1002    497190      0.00      0.00 138249680 137616268  52.20  raven
05:41:11     1002    497190      0.00      0.00 138249680 137616268  52.20  raven
05:43:11     1002    497190      0.00      0.00 138249680 137616268  52.20  raven
05:45:11     1002    497190      0.00      0.00 138249680 137616268  52.20  raven
05:47:11     1002    497190      0.00      0.00 138249680 137616268  52.20  raven
05:49:11     1002    497190      0.00      0.00 138249680 137616268  52.20  raven
05:51:11     1002    497190     73.35      0.00 138249680 137616168  52.20  raven
05:53:11     1002    497190      0.00      0.00 138249680 137616168  52.20  raven
05:55:11     1002    497190      0.00      0.00 138249680 137616168  52.20  raven
05:57:11     1002    497190      0.00      0.00 138249680 137616168  52.20  raven
05:59:11     1002    497190      0.00      0.00 138249680 137616168  52.20  raven
06:01:11     1002    497190      0.00      0.00 138249680 137616168  52.20  raven
06:03:11     1002    497190      0.00      0.00 138249680 137616168  52.20  raven
06:05:11     1002    497190      0.00      0.00 138249680 137616168  52.20  raven
06:07:11     1002    497190      0.00      0.00 138249680 137616168  52.20  raven
06:09:11     1002    497190      0.00      0.00 138249680 137616168  52.20  raven
06:11:11     1002    497190      0.00      0.00 138249680 137616168  52.20  raven
06:13:11     1002    497190      0.00      0.00 138249680 137616168  52.20  raven
06:15:11     1002    497190      0.00      0.00 138249680 137616168  52.20  raven
06:17:11     1002    497190      0.00      0.00 138249680 137616168  52.20  raven
06:19:11     1002    497190      0.00      0.00 138249680 137616168  52.20  raven
06:21:11     1002    497190      0.00      0.00 138249680 137616168  52.20  raven
06:23:11     1002    497190      0.00      0.00 138249680 137616168  52.20  raven
06:25:11     1002    497190      0.00      0.00 138249680 137616168  52.20  raven
06:27:11     1002    497190      0.00      0.00 138249680 137616168  52.20  raven
06:29:11     1002    497190      0.00      0.00 138249680 137616168  52.20  raven
06:31:11     1002    497190      0.27      0.00 138249680 137616168  52.20  raven
06:33:11     1002    497190      0.00      0.00 138249680 137616168  52.20  raven
06:35:11     1002    497190      0.00      0.00 138249680 137616168  52.20  raven
06:37:11     1002    497190      0.00      0.00 137463248 136764428  51.88  raven
06:39:11     1002    497190      0.00      0.00 137463248 136764428  51.88  raven
06:41:11     1002    497190      0.00      0.00 137463248 136764428  51.88  raven
06:43:11     1002    497190      0.00      0.00 137463248 136764428  51.88  raven
06:45:11     1002    497190      0.00      0.00 135562704 134798780  51.13  raven
06:47:11     1002    497190      0.00      0.00 135562704 134798780  51.13  raven
06:49:11     1002    497190      0.00      0.00 135562704 134798780  51.13  raven
06:51:11     1002    497190      0.00      0.00 133989840 133160608  50.51  raven
06:53:11     1002    497190      0.00      0.00 133989840 133160608  50.51  raven
06:55:11     1002    497190      0.00      0.00 133989840 133160608  50.51  raven
06:57:11     1002    497190      0.00      0.00 133989840 133160608  50.51  raven
06:59:11     1002    497190      0.00      0.00 133989840 133160608  50.51  raven
07:01:11     1002    497190      0.00      0.00 133989840 133160608  50.51  raven
07:03:11     1002    497190      0.00      0.00 133989840 133160608  50.51  raven
07:05:11     1002    497190      0.00      0.00 133989840 133160608  50.51  raven
07:07:11     1002    497190      0.00      0.00 133989840 133160608  50.51  raven
07:09:11     1002    497190      0.00      0.00 133989840 133160608  50.51  raven
07:11:11     1002    497190      0.00      0.00 133989840 133160608  50.51  raven
07:13:11     1002    497190      0.00      0.00 133989840 133160608  50.51  raven
07:15:11     1002    497190      0.00      0.00 133989840 133160608  50.51  raven
07:17:11     1002    497190      0.00      0.00 133989840 133160608  50.51  raven
07:19:11     1002    497190      0.00      0.00 133989840 133160608  50.51  raven
07:21:11     1002    497190      0.00      0.00 133989840 133160608  50.51  raven
07:23:11     1002    497190      0.00      0.00 133989840 133160608  50.51  raven
07:25:11     1002    497190      0.00      0.00 133989840 133160608  50.51  raven
07:27:11     1002    497190      0.00      0.00 133989840 133160608  50.51  raven
07:29:11     1002    497190      0.00      0.00 133989840 133160608  50.51  raven
07:31:11     1002    497190      0.00      0.00 133989840 133160608  50.51  raven
07:33:11     1002    497190      0.00      0.00 133989840 133160608  50.51  raven
07:35:11     1002    497190      0.00      0.00 133989840 133160608  50.51  raven
07:37:11     1002    497190      0.00      0.00 133989840 133160608  50.51  raven
07:39:11     1002    497190      0.00      0.00 133989840 133160608  50.51  raven
07:41:11     1002    497190      0.00      0.00 133989840 133160608  50.51  raven
07:43:11     1002    497190      0.00      0.00 133989840 133160608  50.51  raven
07:45:11     1002    497190      0.00      0.00 133989840 133160608  50.51  raven
07:47:11     1002    497190      0.00      0.00 133989840 133160608  50.51  raven
07:49:11     1002    497190      0.00      0.00 133989840 133160608  50.51  raven
07:51:11     1002    497190      0.00      0.00 133989840 133160608  50.51  raven
07:53:11     1002    497190      0.00      0.00 133989840 133160608  50.51  raven
07:55:11     1002    497190      0.00      0.00 133924304 133160476  50.51  raven
07:57:11     1002    497190      0.00      0.00 133924304 133160476  50.51  raven
07:59:11     1002    497190      0.00      0.00 133924304 133160476  50.51  raven
08:01:11     1002    497190      0.00      0.00 133924304 133160476  50.51  raven
08:03:11     1002    497190      0.00      0.00 133924304 133160476  50.51  raven
08:05:11     1002    497190      0.00      0.00 133924304 133160476  50.51  raven
08:07:11     1002    497190      0.00      0.00 133924304 133160476  50.51  raven
08:09:11     1002    497190      0.00      0.00 133924304 133160476  50.51  raven
08:11:11     1002    497190      0.00      0.00 133924304 133160476  50.51  raven
08:13:11     1002    497190      0.00      0.00 133924304 133160476  50.51  raven
08:15:11     1002    497190     38.57      0.00 133924304 133178952  50.52  raven
08:17:11     1002    497190      0.00      0.00 133924304 133178952  50.52  raven
08:19:11     1002    497190      0.00      0.00 133924304 133178952  50.52  raven
08:21:11     1002    497190      0.00      0.00 133924304 133178952  50.52  raven
08:23:11     1002    497190      0.00      0.00 133924304 133178952  50.52  raven
08:25:11     1002    497190      0.00      0.00 133924304 133178952  50.52  raven
08:27:11     1002    497190      7.99      0.00 133924304 133182648  50.52  raven
08:29:11     1002    497190      0.00      0.00 133924304 133182648  50.52  raven
08:31:11     1002    497190      0.00      0.00 133924304 133182648  50.52  raven
08:33:11     1002    497190      0.00      0.00 133924304 133182648  50.52  raven
08:35:11     1002    497190      0.00      0.00 133924304 133182648  50.52  raven
08:37:11     1002    497190      0.00      0.00 133924304 133182648  50.52  raven
08:39:11     1002    497190      0.00      0.00 133924304 133182648  50.52  raven
08:41:11     1002    497190      0.00      0.00 133924304 133182648  50.52  raven
08:43:11     1002    497190      0.00      0.00 133924304 133182648  50.52  raven
08:45:11     1002    497190     96.36      0.00 133924304 133182656  50.52  raven
08:47:11     1002    497190      0.00      0.00 133924304 133182656  50.52  raven
08:49:11     1002    497190      0.00      0.00 133924304 133182656  50.52  raven
08:51:11     1002    497190      0.00      0.00 133924304 133182656  50.52  raven
08:53:11     1002    497190    102.31      0.00 133972852 133231760  50.54  raven
08:55:11     1002    497190      0.00      0.00 133972852 133231760  50.54  raven
08:57:11     1002    497190      0.00      0.00 133972852 133231760  50.54  raven
08:59:11     1002    497190      0.00      0.00 133972852 133231760  50.54  raven
09:01:11     1002    497190      0.00      0.00 133972852 133231760  50.54  raven
09:03:11     1002    497190      0.00      0.00 133972852 133231760  50.54  raven
09:05:11     1002    497190    141.55      0.00 134040796 133299608  50.56  raven
09:07:11     1002    497190      0.00      0.00 134040796 133299608  50.56  raven
09:09:11     1002    497190      0.00      0.00 134040796 133299608  50.56  raven
09:11:11     1002    497190      0.00      0.00 134040796 133299608  50.56  raven
09:13:11     1002    497190      0.00      0.00 134040796 133299608  50.56  raven
09:15:11     1002    497190      0.00      0.00 134040796 133299608  50.56  raven
09:17:11     1002    497190      0.00      0.00 134040796 133299608  50.56  raven
09:19:11     1002    497190      0.00      0.00 134040796 133299608  50.56  raven
09:21:11     1002    497190      0.00      0.00 134040796 133299608  50.56  raven
09:23:11     1002    497190      0.00      0.00 134040796 133299608  50.56  raven
09:25:11     1002    497190      0.00      0.00 134040796 133299608  50.56  raven
09:27:11     1002    497190      0.00      0.00 134040796 133299608  50.56  raven
09:29:11     1002    497190      0.00      0.00 134040796 133299608  50.56  raven
09:31:11     1002    497190      0.00      0.00 134040796 133299608  50.56  raven
09:33:11     1002    497190      0.00      0.00 134040796 133299608  50.56  raven
09:35:11     1002    497190      0.00      0.00 134040796 133299608  50.56  raven
09:37:11     1002    497190      0.00      0.00 134040796 133299608  50.56  raven
09:39:11     1002    497190      0.00      0.00 134040796 133299608  50.56  raven
09:41:11     1002    497190      0.00      0.00 134040796 133299608  50.56  raven
09:43:11     1002    497190     59.01      0.00 134106332 133327928  50.57  raven
09:45:11     1002    497190     15.45      0.00 134040796 133325796  50.57  raven
09:47:11     1002    497190      0.00      0.00 134040796 133325796  50.57  raven
09:49:11     1002    497190      0.00      0.00 134040796 133325796  50.57  raven
09:51:11     1002    497190      0.00      0.00 134040796 133325796  50.57  raven
09:53:11     1002    497190      0.00      0.00 134040796 133325796  50.57  raven
09:55:11     1002    497190      0.00      0.00 134040796 133325796  50.57  raven
09:57:11     1002    497190      0.00      0.00 134040796 133325796  50.57  raven
09:59:11     1002    497190      0.00      0.00 134040796 133325796  50.57  raven
10:01:11     1002    497190      0.00      0.00 134040796 133325796  50.57  raven
10:03:11     1002    497190      0.00      0.00 134040796 133325796  50.57  raven
10:05:11     1002    497190      0.00      0.00 134040796 133325796  50.57  raven
10:07:11     1002    497190      0.00      0.00 134040796 133325796  50.57  raven
10:09:11     1002    497190      0.00      0.00 134040796 133325796  50.57  raven
10:11:11     1002    497190      0.00      0.00 134040796 133325796  50.57  raven
10:13:11     1002    497190      0.00      0.00 134040796 133325796  50.57  raven
10:15:11     1002    497190      0.00      0.00 134040796 133325796  50.57  raven
10:17:11     1002    497190      0.00      0.00 134040796 133325796  50.57  raven
10:19:11     1002    497190      0.00      0.00 134040796 133325796  50.57  raven
10:21:11     1002    497190      0.00      0.00 134040796 133325796  50.57  raven
10:23:11     1002    497190      0.00      0.00 134040796 133325796  50.57  raven
10:25:11     1002    497190      0.00      0.00 134040796 133325796  50.57  raven
10:27:11     1002    497190      0.00      0.00 134040796 133325796  50.57  raven
10:29:11     1002    497190      0.00      0.00 134040796 133325796  50.57  raven
10:31:11     1002    497190      0.00      0.00 134040796 133325796  50.57  raven
10:33:11     1002    497190      0.00      0.00 134040796 133325796  50.57  raven
10:35:11     1002    497190      0.00      0.00 134040796 133325796  50.57  raven
10:37:11     1002    497190      0.00      0.00 134040796 133325796  50.57  raven
10:39:11     1002    497190      0.00      0.00 134040796 133325796  50.57  raven
10:41:11     1002    497190      0.00      0.00 134040796 133325796  50.57  raven
10:43:11     1002    497190      0.00      0.00 134040796 133325796  50.57  raven
10:45:11     1002    497190      0.00      0.00 134040796 133325796  50.57  raven
10:47:11     1002    497190      0.00      0.00 134040796 133325796  50.57  raven
10:49:11     1002    497190      0.00      0.00 134040796 133325796  50.57  raven
10:51:11     1002    497190      0.00      0.00 134040796 133325796  50.57  raven
10:53:11     1002    497190      0.00      0.00 134040796 133325796  50.57  raven
10:55:11     1002    497190      0.00      0.00 134040796 133325796  50.57  raven
10:57:11     1002    497190      0.00      0.00 134040796 133325796  50.57  raven
10:59:11     1002    497190      0.00      0.00 134040796 133325796  50.57  raven
11:01:11     1002    497190      0.00      0.00 134040796 133325796  50.57  raven
11:03:11     1002    497190      0.00      0.00 134040796 133325796  50.57  raven
11:05:11     1002    497190      0.00      0.00 134040796 133325796  50.57  raven
11:07:11     1002    497190      0.00      0.00 134040796 133325796  50.57  raven
11:09:11     1002    497190      0.00      0.00 134040796 133325796  50.57  raven
11:11:11     1002    497190      0.00      0.00 134040796 133325796  50.57  raven
11:13:11     1002    497190      0.00      0.00 134040796 133325796  50.57  raven
11:15:11     1002    497190      0.00      0.00 134040796 133325796  50.57  raven
11:17:11     1002    497190      0.00      0.00 134040796 133325796  50.57  raven
11:19:11     1002    497190      0.00      0.00 134040796 133325796  50.57  raven
11:21:11     1002    497190      0.00      0.00 134040796 133325796  50.57  raven
11:23:11     1002    497190      0.00      0.00 134040796 133325796  50.57  raven
11:25:11     1002    497190      0.00      0.00 134040796 133325796  50.57  raven
11:27:11     1002    497190     33.52      0.00 134040796 133341872  50.58  raven
11:29:11     1002    497190      0.00      0.00 134040796 133341872  50.58  raven
11:31:11     1002    497190      0.00      0.00 134040796 133341872  50.58  raven
11:33:11     1002    497190      0.00      0.00 134040796 133341872  50.58  raven
11:35:11     1002    497190      0.00      0.00 134040796 133341872  50.58  raven
11:37:11     1002    497190      0.00      0.00 134040796 133341872  50.58  raven
11:39:11     1002    497190      0.00      0.00 134040796 133341872  50.58  raven
11:41:11     1002    497190      0.00      0.00 134040796 133341872  50.58  raven
11:43:11     1002    497190      0.00      0.00 134040796 133341872  50.58  raven
11:45:11     1002    497190      0.00      0.00 134040796 133341872  50.58  raven
11:47:11     1002    497190      0.00      0.00 134040796 133341872  50.58  raven
11:49:11     1002    497190      0.00      0.00 134040796 133341872  50.58  raven
11:51:11     1002    497190      0.00      0.00 134040796 133341872  50.58  raven
11:53:11     1002    497190      0.00      0.00 134040796 133341872  50.58  raven
11:55:11     1002    497190      0.00      0.00 134040796 133341872  50.58  raven
11:57:11     1002    497190      0.00      0.00 134040796 133341872  50.58  raven
11:59:11     1002    497190      0.00      0.00 134040796 133341872  50.58  raven
12:01:11     1002    497190      0.00      0.00 134040796 133341872  50.58  raven
12:03:11     1002    497190      0.00      0.00 134040796 133341872  50.58  raven
12:05:11     1002    497190      0.00      0.00 134040796 133341872  50.58  raven
12:07:11     1002    497190      0.00      0.00 134040796 133341872  50.58  raven
12:09:11     1002    497190      0.00      0.00 134040796 133341872  50.58  raven
12:11:11     1002    497190      0.00      0.00 133975260 133276748  50.55  raven
12:13:11     1002    497190  14117.67      0.00 133582044 133275440  50.55  raven
12:15:11     1002    497190      0.00      0.00 133582044 133275440  50.55  raven
12:17:11     1002    497190      0.00      0.00 133582044 133275440  50.55  raven
12:19:11     1002    497190     71.69      0.00 133582044 133275700  50.55  raven
12:21:11     1002    497190      0.00      0.00 133582044 133275700  50.55  raven
12:23:11     1002    497190      0.00      0.00 133582044 133275700  50.55  raven
12:25:11     1002    497190     37.01      0.00 133582044 133275804  50.55  raven
12:27:11     1002    497190      0.00      0.00 133582044 133275804  50.55  raven
12:29:11     1002    497190    565.41      0.00 133582044 133276036  50.55  raven
12:31:11     1002    497190     82.90      0.00 133582044 133276092  50.55  raven
12:33:11     1002    497190      0.00      0.00 133582044 133276092  50.55  raven
12:35:11     1002    497190      0.00      0.00 133582044 133276092  50.55  raven
12:37:11     1002    497190      0.00      0.00 133582044 133276092  50.55  raven
12:39:11     1002    497190     95.71      0.00 133582044 133276148  50.55  raven
12:41:11     1002    497190      0.00      0.00 133582044 133276148  50.55  raven
12:43:11     1002    497190      0.00      0.00 133582044 133276148  50.55  raven
12:45:11     1002    497190    480.31      0.00 133582044 133276404  50.55  raven
12:47:11     1002    497190    425.47      0.00 133582044 133276520  50.55  raven
12:49:11     1002    497190      0.00      0.00 133582044 133276520  50.55  raven
12:51:11     1002    497190      0.00      0.00 133582044 133276520  50.55  raven
12:53:11     1002    497190      0.00      0.00 133582044 133276520  50.55  raven
12:55:11     1002    497190     83.12      0.00 133582044 133276568  50.55  raven
12:57:11     1002    497190      0.00      0.00 133582044 133276568  50.55  raven
12:59:11     1002    497190      0.00      0.00 133582044 133276568  50.55  raven
13:01:11     1002    497190      0.00      0.00 133582044 133276568  50.55  raven
13:03:11     1002    497190      0.00      0.00 133582044 133276568  50.55  raven
13:05:11     1002    497190     35.72      0.00 133582044 133276568  50.55  raven
13:07:11     1002    497190      0.00      0.00 133582044 133276568  50.55  raven
13:09:11     1002    497190   1679.17      0.00 133778660 133409500  50.60  raven
13:11:11     1002    497190   6804.62      0.00 133582044 133274528  50.55  raven
13:13:11     1002    497190      0.00      0.00 133582044 133274528  50.55  raven
13:15:11     1002    497190     72.85      0.00 133582044 133274584  50.55  raven
13:17:11     1002    497190      0.00      0.00 133582044 133274584  50.55  raven
13:19:11     1002    497190      0.00      0.00 133582044 133274584  50.55  raven
13:21:11     1002    497190      0.00      0.00 133582044 133274584  50.55  raven
13:23:11     1002    497190      0.00      0.00 133582044 133274584  50.55  raven
13:25:11     1002    497190    641.37      0.00 133582044 133274712  50.55  raven
13:27:11     1002    497190      0.00      0.00 133582044 133274712  50.55  raven
13:29:11     1002    497190      0.00      0.00 133582044 133274712  50.55  raven
13:31:11     1002    497190     44.32      0.00 133582044 133274712  50.55  raven
13:33:11     1002    497190      0.00      0.00 133582044 133274712  50.55  raven
13:35:11     1002    497190     97.58      0.00 133582044 133274960  50.55  raven
13:37:11     1002    497190      0.00      0.00 133582044 133274960  50.55  raven
13:39:11     1002    497190      0.00      0.00 133582044 133274960  50.55  raven
13:41:11     1002    497190    487.09      0.00 133582044 133275204  50.55  raven
13:43:11     1002    497190    430.79      0.00 133582044 133275264  50.55  raven
13:45:11     1002    497190      0.00      0.00 133582044 133275264  50.55  raven
13:47:11     1002    497190      0.00      0.00 133582044 133275264  50.55  raven
13:49:11     1002    497190      0.00      0.00 133582044 133275264  50.55  raven
13:51:11     1002    497190      0.00      0.00 133582044 133275264  50.55  raven
13:53:11     1002    497190     84.66      0.00 133582044 133275516  50.55  raven
13:55:11     1002    497190      0.00      0.00 133582044 133275516  50.55  raven
13:57:11     1002    497190      0.00      0.00 133582044 133275516  50.55  raven
13:59:11     1002    497190      0.00      0.00 133582044 133275516  50.55  raven
14:01:11     1002    497190      0.00      0.00 133582044 133275516  50.55  raven
14:03:11     1002    497190      0.00      0.00 133582044 133275516  50.55  raven
14:05:11     1002    497190      0.00      0.00 133582044 133275516  50.55  raven
14:07:11     1002    497190     74.20      0.00 133582044 133275540  50.55  raven
14:09:11     1002    497190      0.00      0.00 133582044 133275540  50.55  raven
14:11:11     1002    497190      0.00      0.00 133582044 133275540  50.55  raven
14:13:11     1002    497190      0.00      0.00 133582044 133275540  50.55  raven
14:15:11     1002    497190      0.00      0.00 133582044 133275540  50.55  raven
14:17:11     1002    497190      0.00      0.00 133582044 133275540  50.55  raven
14:19:11     1002    497190      0.00      0.00 133582044 133275540  50.55  raven
14:21:11     1002    497190      0.00      0.00 133582044 133275540  50.55  raven
14:23:11     1002    497190      0.00      0.00 133582044 133275540  50.55  raven
14:25:11     1002    497190      0.00      0.00 133582044 133275540  50.55  raven
14:27:11     1002    497190      0.00      0.00 133582044 133275540  50.55  raven
14:29:11     1002    497190      0.00      0.00 133582044 133275540  50.55  raven
14:31:11     1002    497190      0.00      0.00 133582044 133275540  50.55  raven
14:33:11     1002    497190      0.00      0.00 133582044 133275540  50.55  raven
14:35:11     1002    497190      0.00      0.00 133582044 133275540  50.55  raven
14:37:11     1002    497190      0.00      0.00 133582044 133275540  50.55  raven
14:39:11     1002    497190      0.00      0.00 133582044 133275540  50.55  raven
14:41:11     1002    497190      0.00      0.00 133582044 133275540  50.55  raven
14:43:11     1002    497190      0.00      0.00 133582044 133275540  50.55  raven
14:45:11     1002    497190      0.00      0.00 133582044 133275540  50.55  raven
14:47:11     1002    497190      0.00      0.00 133582044 133275540  50.55  raven
14:49:11     1002    497190      0.00      0.00 133582044 133275540  50.55  raven
14:51:11     1002    497190      0.00      0.00 133582044 133275540  50.55  raven
14:53:11     1002    497190      0.00      0.00 133582044 133275540  50.55  raven
14:55:11     1002    497190      0.00      0.00 133582044 133275540  50.55  raven
14:57:11     1002    497190      0.00      0.00 133582044 133275540  50.55  raven
14:59:11     1002    497190      0.00      0.00 133582044 133275540  50.55  raven
15:01:11     1002    497190      0.00      0.00 133582044 133275540  50.55  raven
15:03:11     1002    497190      0.00      0.00 133582044 133275540  50.55  raven
15:05:11     1002    497190      0.00      0.00 133582044 133275540  50.55  raven
15:07:11     1002    497190      0.00      0.00 133582044 133275540  50.55  raven
15:09:11     1002    497190      0.00      0.00 133582044 133275540  50.55  raven
15:11:11     1002    497190      0.00      0.00 133582044 133275540  50.55  raven
15:13:11     1002    497190      0.00      0.00 133582044 133275536  50.55  raven
15:15:11     1002    497190      0.27      0.05 133582044 133275116  50.55  raven
15:17:11     1002    497190      0.00      0.00 133582044 133275116  50.55  raven
15:19:11     1002    497190      0.00      0.00 133582044 133275116  50.55  raven
15:21:11     1002    497190      0.00      0.00 133582044 133275116  50.55  raven
15:23:11     1002    497190      0.00      0.00 133582044 133275116  50.55  raven
15:25:11     1002    497190      0.00      0.00 133582044 133275116  50.55  raven
15:27:11     1002    497190      0.00      0.00 133582044 133275116  50.55  raven
15:29:11     1002    497190      0.00      0.00 133582044 133275116  50.55  raven
15:31:11     1002    497190      0.00      0.00 133582044 133275116  50.55  raven
15:33:11     1002    497190      0.00      0.00 133582044 133275116  50.55  raven
15:35:11     1002    497190      0.00      0.00 133582044 133275116  50.55  raven
15:37:11     1002    497190      0.01      0.00 133582044 133275116  50.55  raven
15:39:11     1002    497190      0.02      0.00 133582044 133275116  50.55  raven
15:41:11     1002    497190      0.00      0.00 133582044 133275116  50.55  raven
15:43:11     1002    497190      0.00      0.00 133582044 133275116  50.55  raven
15:45:11     1002    497190      0.00      0.00 133582044 133275116  50.55  raven
15:47:11     1002    497190      0.00      0.00 133582044 133275116  50.55  raven
15:49:11     1002    497190     12.97      0.00 133647580 133281216  50.56  raven
15:51:11     1002    497190     22.26      0.00 133647580 133292040  50.56  raven
15:53:11     1002    497190      0.73      0.00 133582044 133275148  50.55  raven
15:55:11     1002    497190      0.00      0.00 133582044 133275144  50.55  raven
15:57:11     1002    497190      0.00      0.00 133582044 133275144  50.55  raven
15:59:11     1002    497190      0.00      0.00 133582044 133275144  50.55  raven
16:01:11     1002    497190      0.00      0.00 133582044 133275144  50.55  raven
16:03:11     1002    497190      0.00      0.00 133582044 133275144  50.55  raven
16:05:11     1002    497190      0.00      0.00 133582044 133275144  50.55  raven
16:07:11     1002    497190      0.00      0.00 133582044 133275144  50.55  raven
16:09:11     1002    497190      0.00      0.00 133582044 133275144  50.55  raven
16:11:11     1002    497190      0.00      0.00 133582044 133275144  50.55  raven
16:13:11     1002    497190      0.00      0.00 133582044 133275068  50.55  raven
16:15:11     1002    497190      0.00      0.00 133582044 133275068  50.55  raven
16:17:11     1002    497190      0.00      0.00 133582044 133275068  50.55  raven
16:19:11     1002    497190      0.00      0.00 133582044 133275068  50.55  raven
16:21:11     1002    497190      0.00      0.00 133582044 133275068  50.55  raven
16:23:11     1002    497190      0.00      0.00 133582044 133275068  50.55  raven
16:25:11     1002    497190      0.00      0.00 133582044 133275068  50.55  raven
16:27:11     1002    497190      0.00      0.00 133582044 133275068  50.55  raven
16:29:11     1002    497190      0.00      0.00 133582044 133275068  50.55  raven
16:31:11     1002    497190      0.00      0.00 133582044 133275068  50.55  raven
16:33:11     1002    497190      0.00      0.00 133582044 133275068  50.55  raven
16:35:11     1002    497190      0.00      0.00 133582044 133275068  50.55  raven
16:37:11     1002    497190      0.00      0.00 133582044 133275068  50.55  raven
16:39:11     1002    497190      0.00      0.00 133582044 133275068  50.55  raven
16:41:11     1002    497190      0.00      0.00 133582044 133275068  50.55  raven
16:43:11     1002    497190     98.95      0.00 133629540 133322572  50.57  raven
16:45:11     1002    497190      0.00      0.00 133582044 133275088  50.55  raven
16:47:11     1002    497190      0.00      0.00 133582044 133275088  50.55  raven
16:49:11     1002    497190      0.00      0.00 133582044 133275088  50.55  raven
16:51:11     1002    497190      0.00      0.00 133582044 133275088  50.55  raven
16:53:11     1002    497190      0.00      0.00 133582044 133275088  50.55  raven
16:55:11     1002    497190      0.00      0.00 133582044 133275088  50.55  raven
16:57:11     1002    497190      0.00      0.00 133582044 133275088  50.55  raven
16:59:11     1002    497190      0.00      0.00 133582044 133275088  50.55  raven
17:01:11     1002    497190     21.32      0.00 133647580 133285116  50.56  raven
17:03:11     1002    497190      1.98      0.00 133582044 133275088  50.55  raven
17:05:11     1002    497190      0.00      0.00 133582044 133275088  50.55  raven
17:07:11     1002    497190    138.07      0.00 133648316 133341344  50.58  raven
17:09:11     1002    497190      4.69      0.00 133713852 133343452  50.58  raven
17:11:11     1002    497190    146.28      0.00 133715464 133347156  50.58  raven
17:13:11     1002    497190      1.27      0.00 133649928 133342936  50.58  raven
17:15:11     1002    497190      0.00      0.00 133649928 133342936  50.58  raven
17:17:11     1002    497190      0.00      0.00 133649928 133342936  50.58  raven
17:19:11     1002    497190      0.00      0.00 133649928 133342936  50.58  raven
17:21:11     1002    497190      0.00      0.00 133649928 133342936  50.58  raven
17:23:11     1002    497190      0.00      0.00 133649928 133342936  50.58  raven
17:25:11     1002    497190      0.00      0.00 133649928 133342936  50.58  raven
17:27:11     1002    497190     21.49      0.00 133715464 133353228  50.58  raven
17:29:11     1002    497190      1.92      0.00 133649928 133342936  50.58  raven
17:31:11     1002    497190      0.00      0.00 133649928 133342936  50.58  raven
17:33:11     1002    497190      0.00      0.00 133649928 133342936  50.58  raven
17:35:11     1002    497190      0.00      0.00 133649928 133342936  50.58  raven
17:37:11     1002    497190      0.00      0.00 133649928 133342936  50.58  raven
17:39:11     1002    497190      0.00      0.00 133649928 133342936  50.58  raven
17:41:11     1002    497190      0.00      0.00 133649928 133342936  50.58  raven
17:43:11     1002    497190      0.00      0.00 133649928 133342936  50.58  raven
17:45:11     1002    497190      0.00      0.00 133649928 133342936  50.58  raven
17:47:11     1002    497190      0.00      0.00 133649928 133342936  50.58  raven
17:49:11     1002    497190      0.00      0.00 133649928 133342936  50.58  raven
17:51:11     1002    497190      0.00      0.00 133649928 133342936  50.58  raven
17:53:11     1002    497190      0.00      0.00 133649928 133342936  50.58  raven
17:55:11     1002    497190      0.00      0.00 133649928 133342936  50.58  raven
17:57:11     1002    497190      0.00      0.00 133649928 133342936  50.58  raven
17:59:11     1002    497190      0.00      0.00 133649928 133342936  50.58  raven
18:01:11     1002    497190      0.00      0.00 133649928 133342936  50.58  raven
18:03:11     1002    497190      0.00      0.00 133649928 133342936  50.58  raven
18:05:11     1002    497190      0.00      0.00 133649928 133342936  50.58  raven
18:07:11     1002    497190      0.00      0.00 133649928 133342936  50.58  raven
18:09:11     1002    497190      0.00      0.00 133649928 133342936  50.58  raven
18:11:11     1002    497190      0.00      0.00 133649928 133342936  50.58  raven
18:13:11     1002    497190      0.00      0.00 133649928 133342936  50.58  raven
18:15:11     1002    497190      0.00      0.00 133649928 133342936  50.58  raven
18:17:11     1002    497190      0.00      0.00 133649928 133342936  50.58  raven
18:19:11     1002    497190      0.00      0.00 133649928 133342936  50.58  raven
18:21:11     1002    497190      0.00      0.00 133649928 133342936  50.58  raven
18:23:11     1002    497190      0.00      0.00 133649928 133342936  50.58  raven
18:25:11     1002    497190      0.00      0.00 133649928 133342936  50.58  raven
18:27:11     1002    497190     22.62      0.00 133715464 133353756  50.58  raven
18:29:11     1002    497190     27.48      0.00 133715464 133366692  50.59  raven
18:31:11     1002    497190     18.67      0.00 133715464 133375668  50.59  raven
18:33:11     1002    497190     50.86      0.00 133781000 133399300  50.60  raven
18:35:11     1002    497190     48.25      0.00 133781000 133422268  50.61  raven
18:37:11     1002    497190     27.83      0.00 133781000 133435468  50.61  raven
18:39:11     1002    497190     43.56      0.00 133846536 133456324  50.62  raven
18:41:11     1002    497190     27.93      0.00 133846536 133469788  50.63  raven
18:43:11     1002    497190     48.38      0.00 133912072 133491696  50.64  raven
18:45:11     1002    497190     61.01      0.00 133912072 133521000  50.65  raven
18:47:11     1002    497190    104.55      0.00 134043144 133571424  50.67  raven
18:49:11     1002    497190    131.49      0.00 134108680 133634520  50.69  raven
18:51:11     1002    497190    152.55      0.00 134239752 133707648  50.72  raven
18:53:11     1002    497190     98.37      0.00 134370824 133754904  50.74  raven
18:55:11     1002    497190     44.63      0.00 134370824 133776552  50.74  raven
18:57:11     1002    497190     45.32      0.00 134370824 133797936  50.75  raven
18:59:11     1002    497190     48.72      0.00 134436360 133821432  50.76  raven
19:01:11     1002    497190     55.12      0.00 134436360 133847832  50.77  raven
19:03:11     1002    497190     31.66      0.00 134436360 133863144  50.78  raven
19:05:11     1002    497190     12.71      0.00 134436360 133869216  50.78  raven
19:07:11     1002    497190     17.59      0.00 134108680 133686168  50.71  raven
19:09:11     1002    497190      5.00      0.00 134108680 133688544  50.71  raven
19:11:11     1002    497190     14.41      0.00 134108680 133695408  50.71  raven
19:13:11     1002    497190      0.00      0.00 133846536 133519120  50.65  raven
19:15:11     1002    497190      0.00      0.00 133846536 133519120  50.65  raven
19:17:11     1002    497190      0.00      0.00 133846536 133519120  50.65  raven
19:19:11     1002    497190      0.00      0.00 133846536 133519120  50.65  raven
19:21:11     1002    497190      0.00      0.00 133846536 133519120  50.65  raven
19:23:11     1002    497190      0.00      0.00 133846536 133519120  50.65  raven
19:25:11     1002    497190      0.00      0.00 133846536 133519120  50.65  raven
19:27:11     1002    497190      0.00      0.00 133846536 133519120  50.65  raven
19:29:11     1002    497190      0.00      0.00 133846536 133519120  50.65  raven
19:31:11     1002    497190      0.00      0.00 133846536 133519120  50.65  raven
19:33:11     1002    497190      0.00      0.00 133846536 133519120  50.65  raven
19:35:11     1002    497190      0.00      0.00 133846536 133519120  50.65  raven
19:37:11     1002    497190      0.00      0.00 133846536 133519120  50.65  raven
19:39:11     1002    497190      0.00      0.00 133846536 133519120  50.65  raven
19:41:11     1002    497190      0.00      0.00 133846536 133519120  50.65  raven
19:43:11     1002    497190      0.00      0.00 133846536 133519120  50.65  raven
19:45:11     1002    497190      0.00      0.00 133846536 133519120  50.65  raven
19:47:11     1002    497190      0.00      0.00 133846536 133519120  50.65  raven
19:49:11     1002    497190      0.00      0.00 133846536 133519120  50.65  raven
19:51:11     1002    497190      0.00      0.00 133846536 133519120  50.65  raven
19:53:11     1002    497190      0.00      0.00 133846536 133519120  50.65  raven
19:55:11     1002    497190      0.00      0.00 133846536 133519120  50.65  raven
19:57:11     1002    497190      0.00      0.00 133846536 133519120  50.65  raven
19:59:11     1002    497190      0.00      0.00 133846536 133519120  50.65  raven
20:01:11     1002    497190      0.00      0.00 133846536 133519120  50.65  raven
20:03:11     1002    497190      0.00      0.00 133846536 133519120  50.65  raven
20:05:11     1002    497190      0.00      0.00 133846536 133519120  50.65  raven
20:07:11     1002    497190      0.00      0.00 133846536 133519120  50.65  raven
20:09:11     1002    497190      0.00      0.00 133846536 133519120  50.65  raven
20:11:11     1002    497190      0.00      0.00 133846536 133519120  50.65  raven
20:13:11     1002    497190      0.00      0.00 133846536 133519120  50.65  raven
20:15:11     1002    497190      0.00      0.00 133846536 133519120  50.65  raven
20:17:11     1002    497190      0.00      0.00 133846536 133519120  50.65  raven
20:19:11     1002    497190      0.00      0.00 133846536 133519120  50.65  raven
20:21:11     1002    497190      0.00      0.00 133846536 133519120  50.65  raven
20:23:11     1002    497190      0.00      0.00 133846536 133519120  50.65  raven
20:25:11     1002    497190      0.00      0.00 133846536 133519120  50.65  raven
20:27:11     1002    497190      0.00      0.00 133846536 133519120  50.65  raven
20:29:11     1002    497190      0.00      0.00 133846536 133519120  50.65  raven
20:31:11     1002    497190      0.00      0.00 133846536 133519120  50.65  raven
20:33:11     1002    497190      0.00      0.00 133846536 133519120  50.65  raven
20:35:11     1002    497190      0.00      0.00 133846536 133519120  50.65  raven
20:37:11     1002    497190      0.00      0.00 133846536 133519120  50.65  raven
20:39:11     1002    497190      0.00      0.00 133846536 133519120  50.65  raven
20:41:11     1002    497190      0.00      0.00 133846536 133519120  50.65  raven
20:43:11     1002    497190      0.00      0.00 133846536 133519120  50.65  raven
20:45:11     1002    497190      0.00      0.00 133846536 133519120  50.65  raven
20:47:11     1002    497190      0.00      0.00 133846536 133519120  50.65  raven
20:49:11     1002    497190      0.00      0.00 133846536 133519120  50.65  raven
20:51:11     1002    497190      0.00      0.00 133846536 133519120  50.65  raven
20:53:11     1002    497190      0.00      0.00 133846536 133519120  50.65  raven
20:55:11     1002    497190      0.00      0.00 133846536 133519120  50.65  raven
20:57:11     1002    497190      0.00      0.00 133846536 133519120  50.65  raven
20:59:11     1002    497190      0.00      0.00 133846536 133519120  50.65  raven
21:01:11     1002    497190      0.00      0.00 133846536 133519120  50.65  raven
21:03:11     1002    497190      0.00      0.00 133846536 133519120  50.65  raven
21:05:11     1002    497190      0.00      0.00 133846536 133519120  50.65  raven
21:07:11     1002    497190      0.00      0.00 133846536 133519120  50.65  raven
21:09:11     1002    497190      0.00      0.00 133846536 133519120  50.65  raven
21:11:11     1002    497190      0.00      0.00 133846536 133519120  50.65  raven
21:13:11     1002    497190      0.00      0.00 133846536 133519120  50.65  raven
21:15:11     1002    497190      0.00      0.00 133846536 133519120  50.65  raven
21:17:11     1002    497190      0.00      0.00 133846536 133519120  50.65  raven
21:19:11     1002    497190      0.00      0.00 133846536 133519120  50.65  raven
21:21:11     1002    497190      0.00      0.00 133846536 133519120  50.65  raven
21:23:11     1002    497190      0.00      0.00 133846536 133519120  50.65  raven
21:25:11     1002    497190      0.00      0.00 133846536 133519120  50.65  raven
21:27:11     1002    497190      0.00      0.00 133846536 133519120  50.65  raven
21:29:11     1002    497190      0.00      0.00 133846536 133519120  50.65  raven
21:31:11     1002    497190      0.00      0.00 133846536 133519120  50.65  raven
21:33:11     1002    497190      0.00      0.00 133846536 133519120  50.65  raven
21:35:11     1002    497190      0.00      0.00 133846536 133519120  50.65  raven
21:37:11     1002    497190      0.00      0.00 133846536 133519120  50.65  raven
21:39:11     1002    497190      0.00      0.00 133846536 133519120  50.65  raven
21:41:11     1002    497190      0.00      0.00 133846536 133519120  50.65  raven
21:43:11     1002    497190      0.00      0.00 133846536 133519120  50.65  raven
21:45:11     1002    497190      0.00      0.00 133846536 133519120  50.65  raven
21:47:11     1002    497190      0.00      0.00 133846536 133519120  50.65  raven
21:49:11     1002    497190    393.23      0.00 134035288 133707972  50.72  raven
21:51:11     1002    497190      0.00      0.00 134035288 133707972  50.72  raven
21:53:11     1002    497190      0.00      0.00 134035288 133707972  50.72  raven
21:55:11     1002    497190      0.00      0.00 134035288 133707972  50.72  raven
21:57:11     1002    497190      0.00      0.00 134035288 133707972  50.72  raven
21:59:11     1002    497190      0.00      0.00 134035288 133707972  50.72  raven
22:01:11     1002    497190    853.94      0.00 134223076 133895872  50.79  raven
22:03:11     1002    497190      0.00      0.00 134223076 133895872  50.79  raven
22:05:11     1002    497190      0.00      0.00 134223076 133895872  50.79  raven
22:07:11     1002    497190      0.00      0.00 134223076 133895872  50.79  raven
22:09:11     1002    497190      0.00      0.00 134223076 133895872  50.79  raven
22:11:11     1002    497190      0.00      0.00 134223076 133895872  50.79  raven
22:13:11     1002    497190      0.00      0.00 134223076 133895872  50.79  raven
22:15:11     1002    497190      0.00      0.00 134223076 133895872  50.79  raven
22:17:11     1002    497190      0.00      0.00 134223076 133895872  50.79  raven
22:19:11     1002    497190      0.00      0.00 134223076 133895872  50.79  raven
22:21:11     1002    497190      0.00      0.00 134223076 133895872  50.79  raven
22:23:11     1002    497190      0.00      0.00 134223076 133895872  50.79  raven
22:25:11     1002    497190      0.00      0.00 134223076 133895872  50.79  raven
22:27:11     1002    497190      0.00      0.00 134223076 133895872  50.79  raven
22:29:11     1002    497190      0.00      0.00 134223076 133895872  50.79  raven
22:31:11     1002    497190      0.00      0.00 134223076 133895872  50.79  raven
22:33:11     1002    497190      0.00      0.00 134223076 133895872  50.79  raven
22:35:11     1002    497190      0.00      0.00 134223076 133895872  50.79  raven
22:37:11     1002    497190      0.00      0.00 134223076 133895872  50.79  raven
22:39:11     1002    497190      0.00      0.00 134223076 133895872  50.79  raven
22:41:11     1002    497190      0.00      0.00 134223076 133895872  50.79  raven
22:43:11     1002    497190      0.00      0.00 134223076 133895872  50.79  raven
22:45:11     1002    497190      0.00      0.00 134223076 133895872  50.79  raven
22:47:11     1002    497190      0.00      0.00 134223076 133895872  50.79  raven
22:49:11     1002    497190      0.00      0.00 134223076 133895872  50.79  raven
22:51:11     1002    497190      0.00      0.00 134223076 133895872  50.79  raven
22:53:11     1002    497190      0.00      0.00 134223076 133895872  50.79  raven
22:55:11     1002    497190      0.00      0.00 134223076 133895872  50.79  raven
22:57:11     1002    497190      0.00      0.00 134223076 133895872  50.79  raven
22:59:11     1002    497190      0.00      0.00 134223076 133895872  50.79  raven
23:01:11     1002    497190      0.00      0.00 134223076 133895872  50.79  raven
23:03:11     1002    497190      0.00      0.00 134223076 133895872  50.79  raven
23:05:11     1002    497190      0.31      0.00 134223076 133895872  50.79  raven
23:07:11     1002    497190      0.00      0.00 134223076 133895872  50.79  raven
23:09:11     1002    497190      0.00      0.00 134223076 133895872  50.79  raven
23:11:11     1002    497190      0.00      0.00 134223076 133895872  50.79  raven
